200 8000 0 T
90 42 5
35 106 11
150 93 6
29 32 16
53 160 17
139 163 13
14 168 9
129 155 20
143 53 10
148 168 18
113 147 12
25 34 2
136 50 8
180 93 6
39 117 11
166 158 12
4 96 19
157 109 19
36 48 4
41 163 12
160 114 18
16 106 4
131 56 17
117 158 19
115 48 14
6 61 16
166 50 3
92 101 1
37 165 12
113 160 17
66 48 3
90 176 11
131 177 1
84 102 3
48 179 6
142 43 6
101 5 5
18 7 19
45 110 14
17 48 3
38 107 2
57 120 5
188 51 12
59 166 19
78 179 1
105 53 14
196 171 3
22 18 12
149 59 14
140 10 11
107 62 1
131 190 7
24 64 20
82 5 16
191 177 11
177 13 16
3 126 7
149 180 6
61 67 2
121 118 15
38 120 9
24 185 19
43 198 3
10 21 5
147 26 17
86 16 19
58 183 19
3 18 6
176 175 4
33 126 3
126 88 16
79 13 15
5 27 5
10 142 18
115 195 8
109 121 18
68 83 9
54 185 9
114 T 7
155 8 1
67 124 14
12 188 13
141 73 7
58 75 4
162 132 11
107 196 15
0 70 12
93 32 6
183 191 6
169 27 13
155 129 17
153 19 14
172 32 14
42 188 17
28 24 1
0 191 3
129 76 14
148 89 7
179 193 5
146 16 14
65 91 12
137 196 5
51 156 20
104 19 9
123 32 9
183 83 8
7 86 7
81 35 3
180 14 18
39 38 17
144 91 6
9 132 15
102 94 11
74 32 20
46 T 5
5 161 8
63 139 10
62 143 13
134 19 2
153 32 4
172 45 2
157 151 4
14 102 1
27 41 9
113 81 15
151 107 5
145 33 10
16 148 7
164 46 11
35 161 12
169 161 1
134 140 17
122 49 4
81 48 6
172 166 15
180 27 12
125 91 11
83 94 6
41 97 15
187 151 3
25 89 8
99 38 12
145 154 12
57 41 16
2 105 1
76 54 1
81 169 9
122 170 2
134 32 13
34 94 2
120 97 13
194 46 16
180 148 19
78 100 4
23 164 14
138 151 3
152 49 10
96 154 19
164 59 1
134 153 17
20 51 2
6 116 9
166 105 19
152 170 18
105 95 6
64 57 14
124 108 4
69 172 17
143 121 19
108 100 4
127 113 17
184 95 4
103 170 8
20 172 18
4 164 11
138 164 5
91 52 11
154 108 15
112 111 9
43 11 14
29 113 9
6 129 19
152 183 17
163 49 10
127 126 3
168 127 10
11 180 1
85 129 2
126 130 20
112 3 13
43 132 9
15 70 20
174 63 14
193 76 8
77 130 12
22 194 20
149 6 7
80 135 3
195 122 20
126 22 9
170 65 14
68 17 15
109 55 15
147 81 8
3 73 14
77 22 4
61 14 7
121 65 17
66 129 3
162 66 13
186 194 1
19 17 5
79 68 7
10 197 15
137 9 7
1 148 15
54 11 4
3 194 4
163 183 3
77 143 4
177 81 3
75 70 15
116 71 4
171 7 16
176 122 8
162 187 7
33 73 19
179 127 7
10 89 17
137 130 1
49 17 4
68 30 8
67 71 17
158 189 11
72 149 12
75 191 15
116 192 1
88 130 15
49 138 3
178 23 7
197 36 13
95 25 18
116 84 16
190 33 3
113 15 1
13 77 3
63 194 19
197 157 1
114 159 8
172 100 5
125 25 17
37 141 12
185 39 15
102 41 18
46 146 18
25 23 13
90 152 19
62 90 10
134 195 19
122 104 16
20 93 19
180 82 3
39 106 19
144 159 2
37 33 15
23 98 5
143 163 5
129 36 11
44 157 9
16 95 5
76 109 10
48 47 4
120 152 4
129 157 17
41 44 5
30 114 10
71 152 20
48 168 16
36 50 3
196 39 16
55 63 18
41 165 15
127 168 4
159 157 4
117 160 7
136 173 6
120 165 13
147 2 20
152 117 10
91 107 11
22 7 18
8 109 16
127 60 9
154 163 17
145 114 17
24 53 17
103 117 16
87 109 5
1 69 18
106 122 6
161 58 5
166 173 11
64 125 11
17 50 8
163 104 9
22 128 8
108 168 19
127 181 10
121 107 4
154 55 9
25 170 15
57 122 13
115 63 8
142 166 11
1 190 3
188 53 13
174 118 14
119 182 12
31 69 7
177 123 15
77 185 12
89 10 18
94 125 11
195 177 20
131 192 18
184 55 14
43 79 7
115 184 15
183 59 4
188 174 10
147 136 10
40 10 19
174 10 3
191 179 10
168 195 2
80 82 5
137 64 2
101 141 19
161 192 15
169 16 14
100 182 5
119 195 9
172 21 2
158 123 13
130 61 11
190 75 15
195 190 14
179 182 19
10 144 17
123 21 9
109 123 11
40 23 9
26 88 6
172 142 3
130 182 20
149 195 7
176 69 11
47 147 15
0 72 20
179 74 4
197 91 3
150 16 6
169 29 6
155 131 9
56 88 11
176 190 18
129 78 20
146 18 12
132 83 17
51 158 20
164 35 15
67 139 8
180 16 17
39 40 9
125 80 3
111 145 10
185 94 14
171 196 8
23 32 8
138 19 5
0 85 7
160 37 13
44 91 1
178 91 8
21 144 9
62 145 5
153 34 8
139 99 4
111 37 8
129 91 4
74 155 5
113 83 20
187 32 19
132 96 7
92 145 1
9 147 9
124 97 17
69 161 2
143 110 14
96 35 4
160 50 10
13 37 16
159 91 20
175 35 12
194 48 17
92 37 8
97 115 17
69 53 4
196 94 9
96 156 17
8 43 20
118 174 2
30 61 13
145 48 3
16 163 7
131 113 9
186 49 5
134 155 4
122 64 4
133 159 12
64 59 4
124 110 2
143 123 8
187 166 6
25 104 6
99 53 12
140 54 5
186 170 16
38 43 17
98 57 6
43 121 13
122 185 13
1 124 9
152 64 1
23 179 19
196 107 16
163 159 7
140 175 11
76 190 18
43 13 13
29 115 10
84 51 3
147 70 5
193 186 5
64 72 2
94 180 12
168 129 7
198 8 13
24 121 5
156 11 20
128 178 13
147 191 8
155 52 11
174 65 10
158 57 9
149 8 1
52 75 15
179 116 9
98 191 1
115 131 9
109 57 9
114 135 4
18 198 3
147 83 11
155 173 12
193 T 3
177 191 9
144 14 11
94 193 5
42 3 15
135 194 7
168 142 16
52 196 16
126 145 12
179 8 17
24 134 20
82 75 4
123 76 17
109 178 18
12 16 10
3 196 12
77 145 11
144 135 6
33 75 19
129 12 3
19 140 2
93 89 15
65 27 15
63 183 4
32 79 14
183 19 20
67 73 18
72 151 2
158 191 20
144 27 4
89 91 13
83 17 3
47 94 14
162 81 8
74 197 7
63 75 4
178 25 10
68 153 9
150 192 4
95 27 12
34 17 18
0 140 15
129 25 13
74 89 20
160 92 3
151 43 17
137 145 6
104 197 13
95 148 14
139 154 12
172 102 7
166 28 19
56 156 12
190 156 3
124 31 7
28 94 7
143 44 5
113 138 7
146 86 8
178 38 18
90 154 8
62 92 17
136 41 5
134 197 14
20 95 20
185 162 12
4 87 11
37 35 6
83 151 15
196 28 9
41 154 8
60 167 20
173 44 18
159 146 18
117 149 2
34 151 15
139 167 13
78 157 4
108 36 9
8 98 1
127 49 6
113 151 14
44 51 4
30 116 3
90 167 17
29 157 2
87 98 9
20 108 7
166 162 20
185 175 11
105 152 9
55 65 7
154 44 13
99 108 18
44 172 16
25 159 1
112 47 1
57 111 16
117 162 6
115 52 17
189 1 8
175 103 20
161 168 9
73 55 2
105 44 15
17 160 5
8 111 13
24 55 13
98 4 17
142 47 16
161 60 8
45 114 14
77 66 7
80 71 15
126 187 19
98 125 13
184 165 2
10 12 16
82 117 7
156 66 11
128 4 10
147 17 9
119 184 10
45 6 1
36 186 3
89 12 17
195 179 1
162 2 2
107 66 3
33 117 9
165 7 1
98 17 3
115 186 1
101 22 16
31 192 19
3 130 16
177 17 9
168 197 14
61 71 12
80 84 3
66 186 6
107 187 3
192 2 4
137 66 19
68 195 1
169 18 20
100 184 2
158 125 11
177 138 12
70 12 20
89 25 14
171 64 4
116 128 19
195 192 5
28 15 15
192 123 17
49 74 7
26 90 9
58 79 2
190 198 14
88 187 11
181 149 15
160 26 15
63 130 16
51 39 7
123 144 16
21 133 17
169 31 8
114 95 15
153 23 4
125 190 17
171 77 2
190 90 4
176 192 11
157 142 14
74 144 18
93 157 13
179 197 11
90 88 15
153 144 1
20 29 20
125 82 1
185 96 9
171 198 5
23 34 2
9 136 6
102 98 20
0 87 19
160 39 1
146 141 15
60 101 4
13 26 5
178 93 14
136 96 18
134 23 11
34 85 14
53 98 14
56 103 2
14 106 6
129 93 19
27 45 19
11 37 18
164 50 9
194 158 9
185 109 14
138 34 4
50 150 4
182 40 3
187 155 10
85 107 4
38 32 1
164 171 18
76 58 17
62 160 16
122 174 3
15 48 10
175 37 12
120 101 18
39 176 18
23 168 10
91 43 7
112 102 13
131 115 7
175 158 20
194 171 18
18 174 15
69 176 8
3 51 19
182 53 8
140 56 15
11 171 9
15 61 16
177 59 5
163 161 19
168 10 13
121 164 8
195 113 5
52 64 8
126 13 6
38 166 19
57 179 5
131 128 1
98 180 16
84 53 15
170 56 7
189 69 17
128 59 16
73 123 1
147 72 19
174 175 14
45 61 13
191 115 8
94 182 6
80 18 14
11 184 13
167 172 10
189 190 4
101 77 9
142 115 8
87 179 12
177 72 4
149 10 3
116 62 11
148 14 14
179 118 15
167 64 14
46 3 14
65 16 3
170 69 6
49 8 8
109 59 17
183 8 15
67 62 6
12 126 13
125 3 10
58 13 7
75 182 15
94 195 3
33 185 17
19 21 1
5 86 3
170 190 11
82 77 3
197 27 15
116 75 3
14 27 5
0 129 20
179 131 19
79 193 11
132 19 20
151 32 19
51 94 7
197 148 2
21 188 10
169 86 3
153 78 14
141 24 14
53 140 13
72 153 16
12 139 10
56 145 15
47 96 1
109 193 8
117 17 11
136 30 10
7 145 8
141 145 5
56 37 8
102 153 3
146 196 18
60 156 13
13 81 9
192 83 5
159 135 9
71 22 20
90 35 13
95 150 12
136 151 6
194 92 3
180 194 17
37 145 5
166 30 20
129 148 20
148 161 11
27 100 3
30 105 2
2 43 17
62 94 7
139 48 10
39 110 19
166 151 19
23 102 1
83 153 20
143 167 16
160 107 20
71 35 3
2 164 12
117 151 1
29 38 12
134 91 8
92 94 7
55 175 16
187 102 15
11 105 4
90 169 9
186 106 6
29 159 1
122 121 17
106 113 16
6 175 5
105 154 9
124 167 14
143 180 1
96 105 14
66 162 4
195 47 20
198 52 7
57 113 17
43 178 15
161 170 12
18 121 1
59 159 16
188 44 4
91 111 15
8 113 15
149 52 20
181 4 8
167 106 18
184 46 20
29 172 11
115 175 15
101 11 17
87 113 9
188 165 17
147 127 12
40 1 3
191 170 12
22 132 3
182 121 11
195 60 10
181 125 1
52 11 13
93 12 13
10 14 2
156 68 2
18 134 15
100 173 6
193 135 2
12 60 8
86 9 18
177 127 12
89 14 13
149 65 12
94 129 9
176 168 17
80 194 18
126 81 1
24 70 19
115 188 20
156 189 8
73 191 17
31 194 7
130 173 15
176 60 19
88 176 5
63 119 17
197 82 14
109 6 4
174 135 12
12 73 5
172 25 7
70 14 8
61 194 13
135 143 14
88 68 16
74 133 13
46 71 12
192 125 14
104 12 17
109 127 18
68 89 16
21 14 7
153 133 10
171 187 13
83 74 8
157 23 2
162 138 3
172 38 16
72 100 9
56 92 1
157 144 20
187 23 14
13 136 12
51 162 17
7 92 3
20 31 17
39 44 5
9 138 3
138 23 20
28 151 9
69 152 5
102 100 5
13 28 1
159 82 16
164 160 17
57 34 9
34 87 7
37 92 20
138 144 17
55 109 7
8 34 1
13 149 19
132 100 15
32 162 3
11 39 20
145 39 20
35 167 9
122 55 1
194 160 7
20 44 18
111 162 15
127 106 6
27 168 4
44 108 18
57 47 9
117 98 9
20 165 14
18 55 19
133 42 1
97 119 18
64 171 8
182 163 14
8 47 3
118 178 6
85 1 17
112 104 17
76 181 7
194 173 5
133 163 18
105 101 20
64 63 10
110 179 10
3 53 7
27 181 1
140 58 1
30 186 14
167 161 18
79 48 5
84 163 17
43 125 7
115 1 5
82 53 19
142 104 16
73 4 19
31 7 6
3 174 12
77 123 6
182 176 16
168 12 20
80 128 20
154 114 9
33 53 1
126 15 10
57 181 17
98 182 16
24 4 19
1 20 4
188 112 12
174 177 2
181 72 4
198 12 15
98 74 19
63 53 4
100 120 1
12 7 9
158 61 4
75 63 17
61 128 5
79 182 6
151 21 2
95 126 3
155 177 16
72 142 5
70 69 11
89 82 15
130 120 4
181 85 3
65 139 2
178 16 20
68 144 10
169 196 9
95 18 19
40 82 18
34 8 1
144 139 14
42 128 7
61 141 8
14 29 8
113 8 8
51 96 14
49 23 13
7 26 18
67 77 17
72 155 14
125 18 9
166 19 18
111 83 1
171 134 19
116 198 1
102 34 20
88 136 20
41 24 6
5 101 9
132 142 9
187 78 10
104 80 14
49 144 11
26 160 5
120 24 14
125 139 6
144 152 8
185 153 17
9 193 7
83 142 18
102 155 3
96 81 3
55 43 2
160 96 14
146 198 5
113 21 10
90 37 6
35 101 12
136 153 5
29 27 8
153 93 1
6 43 8
143 48 11
55 164 7
113 142 11
132 155 14
44 42 6
85 43 20
120 37 20
59 27 6
97 53 19
83 155 14
55 56 5
182 97 19
41 158 15
44 163 8
71 37 15
76 115 20
139 171 20
97 174 15
55 177 15
127 53 18
113 155 16
168 54 8
71 158 11
105 156 17
124 169 5
127 174 17
154 48 4
25 163 16
85 177 20
38 102 5
147 8 14
174 111 8
119 175 5
191 51 5
89 3 15
98 8 20
84 110 19
170 113 9
119 67 14
193 16 17
64 131 10
22 134 19
61 62 14
80 75 1
195 62 5
19 65 3
179 54 16
52 13 7
24 180 2
114 73 17
58 178 17
61 183 2
195 183 15
79 8 20
165 11 20
156 191 1
82 13 20
123 14 13
86 132 6
191 185 18
89 137 19
149 188 2
116 11 7
176 62 12
135 24 19
179 67 11
137 70 20
21 124 1
114 86 2
141 189 19
158 129 11
148 84 3
21 16 20
26 94 14
153 135 20
172 148 12
89 150 3
171 189 3
23 25 8
9 127 17
47 153 5
129 192 2
74 27 15
146 132 5
159 71 4
183 T 3
92 17 4
111 30 4
113 76 9
192 140 13
104 27 15
145 28 12
62 30 4
134 135 7
180 22 5
39 46 14
166 87 8
23 38 8
9 140 12
143 103 12
41 92 15
160 43 15
113 197 4
25 84 8
57 36 1
2 100 13
134 27 3
34 89 6
175 28 5
92 30 5
37 94 2
110 47 20
160 164 20
27 49 8
187 38 3
173 103 2
118 167 9
30 54 11
84 31 4
48 108 13
175 149 13
45 39 11
105 90 12
50 154 19
108 95 1
25 97 13
164 175 3
103 165 11
122 178 9
15 52 15
120 105 12
20 167 15
106 170 8
17 98 6
75 39 9
94 52 4
99 167 15
126 4 17
91 168 19
110 181 9
22 68 19
182 57 15
140 60 17
11 175 6
167 163 19
126 125 8
82 55 11
114 7 18
193 71 18
31 9 7
94 65 20
176 104 20
33 55 13
198 122 5
115 124 6
156 125 15
82 176 7
109 50 12
68 12 5
54 114 9
73 127 9
18 191 7
67 53 3
12 117 12
91 181 11
58 4 16
144 7 1
130 109 10
47 74 8
33 176 12
79 63 6
24 127 5
170 181 15
137 4 13
68 133 15
128 184 5
95 7 2
58 125 3
77 138 13
42 117 20
116 66 2
171 2 14
162 182 10
181 195 10
79 184 11
98 197 16
197 139 5
68 25 11
7 15 8
141 15 20
53 131 4
12 130 4
158 184 7
177 197 11
125 7 10
162 74 16
46 128 2
49 133 13
169 198 1
136 21 1
72 36 8
125 128 9
116 79 4
14 31 17
19 146 7
60 147 4
132 23 2
32 85 13
192 74 16
63 189 2
16 77 1
90 26 17
125 20 9
83 23 13
28 87 10
69 88 16
143 37 11
41 26 6
146 79 19
48 150 5
138 80 8
196 21 7
96 83 11
173 37 7
90 39 15
117 142 18
76 104 2
136 155 17
175 83 19
129 152 15
108 29 7
132 157 3
173 158 16
84 86 3
6 166 17
166 155 3
36 45 7
182 99 11
154 37 7
99 101 4
71 39 5
120 160 12
78 163 12
97 176 11
196 155 15
110 115 4
127 55 14
24 48 10
115 166 3
106 117 18
188 156 4
45 107 2
119 56 5
191 161 20
112 53 14
198 56 5
142 161 8
101 123 16
161 174 12
54 48 1
73 61 10
18 125 11
59 163 3
133 112 5
12 51 8
17 166 9
130 43 1
181 8 7
52 123 13
112 174 12
189 128 6
82 2 14
101 15 20
73 182 9
147 131 8
119 69 10
58 59 14
177 10 4
130 164 10
168 190 10
33 2 19
19 67 16
93 16 11
63 110 17
51 19 16
54 61 18
95 62 6
77 193 16
61 185 11
176 172 16
47 21 15
162 8 8
107 72 19
46 62 12
151 78 17
63 2 4
104 3 14
95 183 19
128 131 2
155 5 2
26 83 17
67 121 2
172 137 13
149 190 15
190 191 6
28 129 3
47 142 18
148 194 20
74 16 10
5 145 8
63 123 2
21 126 3
95 75 3
169 24 4
53 78 8
144 196 13
111 19 16
61 198 19
176 185 5
9 8 19
28 21 20
132 78 4
169 145 1
34 186 20
153 137 20
67 134 20
26 96 13
141 83 4
20 22 19
180 11 8
171 191 1
23 27 12
138 14 18
104 137 20
123 150 1
62 140 17
81 153 9
134 16 7
194 30 2
125 196 6
171 83 18
83 T 14
129 86 19
32 153 1
71 81 7
16 145 11
134 137 12
106 38 1
166 89 4
4 27 5
23 40 1
9 142 6
69 156 2
143 105 7
96 30 20
41 94 11
44 99 14
133 33 6
91 36 7
110 49 14
196 89 10
71 94 12
16 158 20
112 95 2
30 56 13
84 33 20
115 100 3
103 46 3
175 151 13
87 38 1
152 167 1
108 97 13
127 110 4
30 177 18
184 92 20
43 116 4
189 170 7
59 97 5
45 162 20
78 110 8
64 175 2
36 113 11
110 62 3
182 167 3
94 54 6
140 170 9
84 46 14
170 49 6
15 175 13
1 11 16
128 52 20
73 116 20
188 103 1
147 65 5
119 3 3
163 46 4
77 6 4
126 127 11
82 57 11
156 6 10
147 186 14
114 9 9
193 73 11
182 180 10
61 119 9
33 57 15
107 6 6
19 122 18
38 172 14
170 62 10
156 127 5
183 1 13
73 129 15
188 116 4
114 130 14
169 66 13
155 168 7
31 132 18
158 173 1
58 6 16
61 11 10
0 1 4
19 14 4
146 55 19
10 194 5
63 57 9
137 6 16
109 173 4
68 135 4
155 60 13
70 181 14
89 194 8
56 17 18
171 4 5
176 119 3
135 81 6
181 197 9
192 63 5
82 191 14
156 140 20
35 79 19
40 194 15
169 79 12
174 194 1
12 132 16
72 146 11
158 186 1
171 125 13
190 138 9
9 63 5
102 25 20
88 127 11
129 128 2
148 141 13
0 14 15
32 195 8
159 7 1
136 23 19
153 192 2
34 12 8
139 28 17
180 66 18
70 194 1
185 144 1
37 17 2
102 146 3
129 20 18
160 87 17
113 12 5
13 74 6
63 191 19
159 128 13
104 192 18
71 15 9
197 154 6
16 79 14
136 144 7
53 146 4
194 85 7
92 74 6
37 138 10
97 152 3
143 39 4
148 154 9
127 31 4
60 41 7
27 93 3
192 197 4
30 98 17
7 151 12
134 192 3
20 90 19
39 103 13
166 144 8
97 44 8
143 160 6
36 34 20
127 152 18
160 100 9
76 106 7
175 85 14
139 162 5
50 90 18
55 168 1
113 146 4
173 160 4
84 88 10
87 93 17
20 103 10
166 157 6
78 44 11
163 88 4
127 165 14
25 154 19
85 168 16
131 55 15
43 171 10
2 170 16
15 109 9
175 98 18
161 163 17
59 152 3
149 45 5
66 47 11
85 60 9
186 112 19
184 39 14
29 165 20
1 66 13
87 106 13
188 158 9
6 181 1
147 120 16
45 109 9
191 163 15
17 47 20
77 61 14
94 1 19
135 2 4
195 53 2
66 168 16
93 5 1
156 61 12
73 63 3
155 102 18
188 50 3
100 166 5
119 179 20
191 55 13
77 182 16
75 109 5
88 48 5
47 10 1
65 64 12
82 4 13
109 107 4
142 55 17
68 69 6
141 59 4
174 7 14
31 187 11
130 166 19
165 123 15
24 184 2
65 185 10
68 190 10
197 75 19
101 138 16
21 115 5
155 115 3
67 2 7
53 67 2
190 72 15
88 61 3
162 10 14
146 2 16
137 182 9
104 5 1
123 18 15
169 134 18
114 198 8
62 8 20
21 7 2
12 187 3
39 24 1
89 141 17
171 180 16
190 193 2
157 16 10
88 182 8
107 195 12
148 196 12
63 125 17
35 26 16
150 13 15
21 128 15
40 141 8
141 193 2
34 67 2
53 80 1
180 121 16
72 93 11
0 190 5
74 139 9
148 88 1
160 142 6
46 77 4
151 93 10
16 134 19
169 147 6
67 136 2
166 78 7
171 193 8
9 131 14
28 144 10
96 19 14
13 21 5
99 24 10
44 88 10
118 37 14
178 88 4
81 155 16
196 78 7
32 155 19
76 161 4
122 48 11
50 145 2
196 T 9
108 86 2
41 96 13
187 150 4
140 38 1
159 88 16
145 153 7
38 27 11
164 166 4
62 155 13
175 32 14
18 48 14
133 35 17
78 99 2
138 150 12
17 89 5
96 153 9
8 40 15
154 94 5
173 107 6
38 148 2
112 97 15
186 46 9
167 33 13
84 35 1
189 51 9
15 164 6
152 169 12
45 43 12
64 56 19
191 97 3
22 59 14
8 161 4
94 164 15
182 48 19
140 51 8
11 166 13
186 167 15
184 94 6
59 99 6
133 48 4
18 61 19
22 180 3
182 169 6
80 121 5
195 108 10
52 59 4
57 174 16
10 62 16
156 116 14
15 177 19
109 41 20
147 67 12
133 169 12
18 182 19
119 5 1
191 110 6
91 172 12
89 62 11
168 126 11
80 13 5
121 51 14
33 167 6
126 129 14
184 107 13
98 67 5
142 110 10
147 188 20
155 49 11
177 67 18
77 129 3
22 193 3
3 180 12
116 57 9
135 70 4
80 134 10
198 126 5
65 11 12
63 167 5
68 16 16
95 119 9
7 6 10
130 113 1
116 178 16
102 14 6
88 116 2
47 78 11
93 194 19
0 3 11
146 57 3
165 70 1
104 60 9
49 124 10
67 178 7
86 191 16
53 14 15
70 183 2
89 196 6
190 19 8
102 135 6
162 186 3
88 8 1
181 T 11
14 22 5
19 137 10
165 191 3
63 180 4
151 27 16
67 70 11
153 73 1
72 148 8
125 11 12
185 25 3
9 65 6
28 78 13
74 194 10
60 30 1
46 132 10
104 73 10
150 189 20
111 197 7
144 145 4
97 33 9
157 84 17
102 148 12
143 149 7
129 22 12
0 137 20
113 14 9
32 89 10
117 133 3
150 81 13
48 33 15
166 25 20
111 89 14
185 38 20
50 79 5
187 84 11
132 148 2
192 T 10
44 35 4
85 36 7
145 87 12
90 151 7
164 100 4
117 25 14
62 89 6
106 95 3
185 159 16
78 33 13
9 T 13
113 27 13
159 143 7
57 95 1
76 108 11
105 28 3
50 92 6
196 146 5
8 95 7
25 35 11
66 36 13
184 28 18
29 154 15
17 36 19
36 49 15
77 50 15
195 42 1
57 108 1
133 103 5
193 117 6
75 98 11
126 63 10
186 114 3
98 1 15
101 6 18
161 57 1
188 160 16
119 60 2
163 103 7
176 42 4
19 58 16
79 109 18
24 173 14
198 60 11
137 50 17
161 178 4
114 66 10
86 4 1
17 170 17
130 47 17
75 111 11
135 125 7
107 63 9
181 12 2
167 114 7
5 15 11
79 1 7
49 58 16
123 7 13
54 173 3
86 125 20
191 178 1
58 63 1
3 127 9
89 130 12
144 66 4
88 171 13
181 133 16
0 58 7
19 71 14
32 10 9
137 63 2
82 127 13
123 128 5
67 4 15
153 7 8
144 187 12
77 197 19
130 60 12
28 12 4
0 179 17
146 4 2
5 28 5
46 66 19
49 71 9
35 136 11
183 71 6
81 23 9
26 87 8
56 195 20
160 23 12
60 85 15
5 149 20
165 138 2
118 26 14
104 128 11
178 77 13
95 79 14
139 85 13
83 190 13
50 13 3
14 90 14
0 192 5
27 29 12
187 18 14
151 95 17
71 72 16
104 20 13
145 21 13
150 136 2
180 15 20
171 195 18
44 90 15
118 39 11
104 141 18
145 142 5
30 155 7
16 28 9
139 98 8
113 82 18
13 144 9
27 42 9
30 47 15
71 85 19
57 150 3
131 99 17
76 163 17
103 37 14
6 104 4
4 31 14
64 45 14
22 48 3
187 152 10
99 39 9
85 104 11
2 106 18
103 158 20
15 45 2
120 98 15
20 160 2
87 150 5
91 40 10
94 45 4
189 53 9
18 171 1
133 158 18
152 171 8
64 58 2
191 99 14
110 174 11
108 101 12
149 102 3
8 163 18
79 43 4
101 61 7
106 176 20
177 56 20
163 158 17
182 171 20
61 110 13
170 53 7
82 169 12
101 182 1
73 120 9
114 121 18
133 171 6
149 115 4
181 67 8
126 131 10
165 59 1
101 74 10
109 164 14
128 177 18
155 51 11
100 115 4
53 3 12
72 16 18
3 182 6
144 121 7
116 59 14
176 110 8
121 174 1
47 188 9
181 188 12
74 62 8
107 10 12
93 75 20
51 78 16
49 5 14
183 5 11
54 120 9
40 185 2
67 59 5
86 72 5
177 190 16
47 80 12
107 131 14
148 132 8
68 139 19
128 190 16
40 77 4
34 3 2
171 8 11
162 188 19
14 24 4
19 139 18
160 78 2
16 70 1
21 185 18
95 134 16
169 83 3
155 185 5
136 135 20
37 129 12
111 78 11
185 27 4
28 80 18
69 81 12
74 196 16
113 124 12
5 96 11
32 T 7
164 89 7
150 191 2
2 27 11
7 142 9
81 91 12
153 196 19
120 19 10
70 198 9
111 T 5
138 73 12
157 86 18
102 150 10
196 14 11
60 153 16
146 193 20
13 78 4
132 29 9
2 148 16
134 75 4
34 137 14
194 89 17
180 191 20
37 142 1
111 91 14
152 92 1
124 30 2
143 43 17
108 22 7
41 32 2
113 137 20
25 24 3
85 38 4
159 24 3
71 140 16
106 97 9
166 148 4
105 138 20
36 38 3
96 89 4
182 92 13
25 145 1
118 107 3
71 32 15
57 97 1
2 161 6
15 100 6
73 41 11
94 100 5
127 48 3
71 153 7
30 115 5
186 103 12
115 159 7
103 105 2
48 169 19
59 35 15
100 36 2
119 49 14
108 156 15
140 108 12
38 97 8
112 46 2
198 49 20
43 175 14
15 113 8
161 167 12
12 44 19
91 108 10
77 173 2
94 113 12
195 165 5
107 52 18
167 103 18
198 170 14
186 116 16
24 54 13
65 55 13
115 172 16
189 121 19
87 110 16
147 124 4
100 49 5
86 114 3
31 178 17
77 65 9
89 119 7
135 6 4
66 172 4
98 124 2
10 11 15
63 103 14
51 12 3
169 4 17
119 183 20
77 186 11
89 11 8
149 62 2
176 165 3
135 127 9
80 191 20
88 52 16
33 116 18
162 1 13
107 65 11
165 6 9
10 132 10
51 133 1
123 9 4
109 111 10
114 189 8
40 11 9
81 12 1
144 68 16
61 70 4
157 7 6
176 57 9
162 122 13
0 60 14
160 12 9
137 65 20
82 129 16
49 181 2
68 194 13
153 9 4
70 11 18
111 12 3
42 178 17
192 122 15
51 146 17
123 22 12
109 124 1
150 125 15
7 76 2
12 191 14
53 192 17
141 76 19
180 4 9
102 84 7
47 148 6
162 135 19
143 85 11
13 12 15
32 25 1
159 66 17
150 17 2
34 71 3
83 192 18
9 14 9
145 23 5
16 138 6
150 138 12
39 41 19
6 93 19
23 33 3
9 135 10
182 26 2
118 41 15
71 195 12
145 144 6
159 79 17
164 157 3
85 93 14
76 44 5
15 34 10
120 87 12
139 100 6
50 28 9
96 144 3
154 85 1
173 98 5
71 87 20
57 152 5
48 103 6
175 144 6
122 52 12
6 106 5
152 160 19
108 90 2
25 92 3
38 31 4
43 109 13
161 101 5
59 90 18
193 53 15
17 93 8
8 44 20
43 1 11
101 171 15
188 96 15
191 101 14
110 176 16
149 104 13
167 158 7
79 45 8
98 58 13
87 165 7
147 179 8
40 53 6
182 173 2
94 60 3
176 99 14
121 163 13
195 112 15
140 176 13
126 12 20
137 107 1
156 120 16
109 45 6
128 58 17
40 174 6
193 187 3
70 53 13
144 2 10
135 182 18
61 4 11
47 69 9
162 56 18
107 120 12
181 69 13
19 7 16
183 115 16
155 53 11
141 118 2
53 5 5
72 18 9
70 174 12
144 123 7
58 120 5
61 125 4
0 115 12
74 64 4
46 2 16
192 56 20
49 7 4
109 58 3
172 77 5
89 79 3
42 4 4
74 185 1
60 21 5
192 177 20
141 131 5
42 125 19
83 126 15
157 75 14
102 139 19
14 26 20
148 26 19
60 142 17
151 31 4
51 93 3
71 8 9
136 137 7
7 23 8
134 64 7
172 90 10
72 152 10
69 83 16
14 147 8
129 134 14
187 75 17
90 142 17
150 193 12
117 16 4
55 40 19
41 142 11
60 155 11
154 19 8
13 80 20
145 T 8
2 150 5
76 99 4
29 24 9
48 37 3
134 77 15
50 83 4
124 32 19
110 97 6
196 137 19
143 45 15
14 160 3
27 99 4
154 140 20
187 88 3
103 94 7
166 150 14
140 97 11
173 45 11
44 160 13
184 140 1
131 48 5
15 102 14
175 91 8
120 155 11
18 107 19
152 107 17
31 46 15
17 148 7
50 96 15
149 38 9
154 153 7
167 92 2
131 169 18
103 107 5
106 112 20
147 113 20
6 174 17
58 41 5
3 105 14
163 94 16
66 161 1
24 164 7
98 113 16
142 156 19
59 158 15
130 38 15
149 51 14
88 41 4
167 105 16
112 169 1
198 172 5
179 159 10
147 126 14
45 115 12
86 116 17
144 57 7
42 46 12
66 174 5
65 178 7
51 14 20
82 118 1
142 169 8
68 183 12
174 121 12
12 59 13
86 8 20
58 175 17
75 115 13
42 167 9
28 3 2
74 119 9
5 19 2
65 70 18
151 73 1
10 134 1
49 62 2
95 178 17
7 65 10
31 193 2
125 57 18
130 172 10
102 73 19
107 188 14
0 62 11
5 140 2
151 194 6
51 27 5
137 67 15
104 119 12
197 81 13
139 76 14
61 193 5
157 130 18
102 194 3
28 16 11
148 81 13
13 122 8
32 135 18
51 148 16
49 75 4
90 76 11
122 28 17
53 194 11
20 17 8
39 30 20
9 124 10
157 22 17
88 188 20
129 189 11
5 153 10
159 68 20
178 81 3
7 T 19
20 138 8
41 197 18
8 20 17
187 22 15
173 87 2
16 140 13
131 90 2
76 154 17
34 194 15
120 197 19
152 149 14
138 22 2
143 100 13
108 79 10
182 28 20
159 81 16
30 159 3
120 89 20
161 90 19
180 140 8
133 28 13
78 92 1
138 143 17
182 149 6
8 33 10
11 38 18
131 103 3
115 95 12
87 33 1
106 46 8
45 36 17
64 49 17
105 87 18
110 165 12
85 108 9
57 46 19
43 111 1
101 52 2
106 167 7
18 54 7
100 93 19
4 156 12
193 55 5
177 47 12
80 114 13
33 39 4
198 106 20
98 168 15
170 44 15
156 109 6
101 173 9
73 111 4
193 176 4
86 50 15
89 55 18
22 65 7
149 106 15
80 6 13
66 108 20
181 58 7
184 100 20
10 176 8
177 60 9
163 162 13
79 168 6
98 181 11
63 160 4
156 122 9
101 186 5
68 9 12
12 114 10
72 128 19
149 119 4
102 7 6
107 122 7
181 71 14
146 50 6
63 52 17
178 2 3
49 117 13
68 130 12
21 55 11
155 55 19
141 120 9
158 60 17
58 122 15
144 125 3
89 189 2
47 192 19
181 192 14
0 117 14
74 66 4
148 15 19
88 1 1
46 4 12
132 7 4
51 82 13
137 122 20
123 187 7
197 136 15
26 25 6
153 66 20
141 12 11
172 79 17
125 4 2
70 68 5
185 18 4
171 120 15
56 133 2
9 58 2
88 122 8
129 123 2
5 87 3
151 141 14
192 179 13
104 66 16
123 79 1
109 181 8
34 7 14
20 72 15
53 20 10
83 128 9
157 77 6
55 29 16
60 144 4
32 82 17
44 136 19
178 136 16
21 189 1
62 190 13
76 88 20
37 133 7
50 72 1
143 34 13
41 23 10
85 29 19
145 80 14
164 93 2
150 195 6
2 31 12
134 187 10
120 23 15
139 36 12
106 88 18
185 152 18
9 192 1
83 141 1
138 77 18
143 155 7
55 42 11
173 34 13
159 136 8
16 87 12
2 152 15
131 37 8
78 147 19
152 96 13
105 21 1
124 34 5
110 99 9
66 29 14
30 106 9
87 88 10
166 152 1
36 42 2
163 83 15
77 43 13
25 149 7
195 35 15
112 37 3
198 40 7
131 50 18
184 142 20
15 104 3
175 93 20
73 45 7
59 147 5
152 109 6
119 161 13
193 110 5
105 34 9
91 99 6
196 152 14
55 176 11
108 39 17
107 43 11
131 171 4
24 45 1
84 96 4
189 112 13
1 61 16
73 166 14
45 104 1
64 117 4
17 42 17
77 56 9
22 120 16
181 113 16
126 177 19
79 102 3
156 56 7
73 58 11
155 97 8
174 110 2
12 48 3
31 61 18
190 54 12
176 156 17
88 43 20
65 59 20
170 112 19
54 166 2
89 123 5
130 161 15
135 10 20
107 177 18
181 126 3
0 51 9
19 64 5
165 118 10
32 3 18
156 69 7
68 185 7
197 70 2
169 8 16
114 72 6
26 188 6
141 175 8
172 13 2
58 177 16
70 2 4
190 67 20
0 172 16
162 5 5
46 59 15
165 10 11
49 64 8
35 129 9
109 115 19
95 180 19
12 182 12
72 196 14
42 61 1
83 62 7
88 177 10
0 64 3
146 118 6
46 180 6
60 78 11
118 19 4
63 120 20
123 134 18
68 198 7
62 124 14
141 188 6
34 62 17
125 180 4
39 140 1
42 182 6
102 196 11
13 124 17
32 137 7
137 190 8
90 78 16
95 193 7
136 194 16
134 121 2
37 188 7
143 89 7
96 14 18
60 91 11
27 143 4
145 135 20
90 T 16
57 22 19
62 137 11
122 151 8
139 91 11
138 132 15
97 94 13
196 73 4
27 35 4
187 24 16
30 40 19
57 143 11
34 196 3
111 150 14
4 24 2
50 140 10
69 153 17
110 154 5
71 T 19
145 148 15
161 92 10
18 43 10
133 30 14
78 94 19
94 38 14
38 143 14
189 46 18
188 87 20
64 51 14
94 159 16
38 35 2
98 49 14
103 164 15
15 51 1
1 116 4
174 44 18
17 97 2
177 49 5
80 116 20
195 103 7
140 167 6
38 156 15
82 162 17
156 111 19
47 60 10
107 111 3
167 162 5
24 113 12
142 105 18
22 188 11
42 103 12
121 167 4
33 54 6
107 3 15
198 121 11
65 6 17
82 175 6
21 165 4
95 114 13
144 6 18
171 109 3
135 186 14
93 189 18
151 130 12
104 55 7
68 132 20
128 183 7
136 7 2
86 186 1
146 173 16
5 197 3
165 186 3
13 58 15
123 189 5
197 138 18
95 127 7
114 140 9
153 68 1
102 22 2
41 12 3
32 192 15
151 143 18
104 68 18
49 132 5
123 81 10
150 184 11
62 71 6
125 127 10
185 141 14
97 28 14
138 66 11
143 144 5
96 69 13
99 74 14
32 84 8
159 125 14
62 192 4
34 130 20
20 195 1
53 143 4
139 146 16
124 23 15
69 87 14
27 90 7
161 26 17
106 90 9
23 92 17
138 79 19
83 143 7
17 18 19
143 157 6
41 146 14
71 25 14
115 31 1
15 93 6
120 146 4
59 136 3
126 45 10
184 23 8
103 98 19
188 142 11
59 28 9
45 93 19
22 109 3
108 149 4
127 162 9
154 36 10
195 37 15
57 103 7
115 44 20
1 171 5
188 34 8
59 149 13
91 101 13
77 166 11
75 93 7
149 42 18
80 171 16
66 44 12
52 109 15
10 112 6
189 114 4
86 107 10
191 160 6
58 45 15
121 101 7
19 53 4
52 1 4
98 117 3
43 181 14
156 58 15
95 48 15
100 163 17
174 112 15
119 176 3
12 50 12
31 63 12
158 104 4
58 166 19
77 179 2
149 55 13
190 56 19
80 184 9
33 109 19
179 163 15
198 176 3
137 166 14
49 53 11
169 118 12
40 4 4
67 107 5
190 177 17
28 115 6
47 128 8
5 131 17
137 58 8
178 59 9
51 18 10
68 187 20
81 126 11
114 74 8
58 179 16
42 171 16
190 69 5
135 133 1
109 117 11
164 16 10
114 195 18
172 136 18
70 125 11
144 74 15
157 13 5
102 77 7
129 180 1
162 128 17
74 15 5
183 187 11
76 24 9
136 75 14
7 190 11
34 64 17
53 77 7
180 118 17
144 195 14
83 185 14
157 134 11
102 198 2
14 85 4
74 136 17
104 15 11
16 131 20
164 29 17
48 83 11
6 86 3
166 75 14
171 190 3
83 77 5
50 129 19
41 80 14
118 34 20
136 88 17
122 153 10
194 29 6
139 93 20
106 145 5
18 32 2
83 198 7
110 35 10
154 78 3
16 144 12
57 145 14
117 196 20
134 136 4
175 137 14
87 24 1
133 140 20
163 19 8
8 145 15
127 96 9
113 198 13
187 147 16
186 151 18
2 101 3
84 140 12
103 153 18
15 40 10
140 156 20
38 145 10
112 94 12
167 30 11
189 48 6
175 150 7
31 105 10
110 169 20
108 96 13
149 97 1
94 161 16
167 151 1
186 164 4
24 102 19
43 115 5
1 118 5
161 107 16
174 46 19
45 161 11
64 174 15
17 99 13
91 48 2
177 51 6
61 105 15
94 53 1
121 156 14
33 43 8
198 110 7
98 172 6
170 48 5
193 180 6
31 118 17
91 169 1
177 172 5
70 46 8
89 59 17
121 48 20
79 51 12
24 115 15
165 54 6
197 6 19
128 172 15
40 59 20
114 8 19
100 110 13
141 111 9
86 175 17
72 11 4
177 64 19
89 180 5
47 183 14
162 170 5
33 56 12
74 57 9
148 6 19
179 110 15
65 8 3
95 116 14
114 129 3
86 67 9
158 172 10
28 62 11
107 126 1
74 178 18
146 54 9
10 193 17
151 132 8
63 56 18
183 121 14
169 186 20
21 59 17
136 9 11
81 73 12
26 137 13
153 178 14
7 124 6
53 11 12
42 118 8
162 183 3
129 6 2
13 60 5
63 177 19
90 14 10
150 65 5
34 119 13
153 70 8
72 145 17
37 124 11
185 22 1
171 124 5
14 140 11
143 25 3
160 194 14
148 140 13
127 17 2
46 129 7
25 6 15
30 84 16
90 135 9
134 178 14
122 87 2
81 86 11
180 65 13
125 129 8
37 16 11
143 146 19
160 86 20
60 148 5
154 12 6
159 127 10
104 191 6
145 192 1
71 14 19
16 78 3
57 79 16
2 143 15
76 92 20
29 17 12
34 132 2
194 84 14
139 148 20
92 73 10
152 87 9
97 151 3
110 90 12
127 30 16
13 194 19
25 19 10
145 84 1
90 148 5
131 149 19
117 22 8
103 87 6
175 192 18
122 100 1
87 79 15
50 197 3
143 159 11
36 33 1
182 87 11
154 25 9
173 38 4
57 92 19
117 143 9
161 149 14
73 36 11
191 28 8
149 31 16
85 46 1
52 98 11
131 162 1
184 25 15
29 151 13
170 90 8
189 103 2
1 52 18
106 105 13
59 30 2
127 164 6
195 39 2
85 167 17
38 92 6
179 31 16
184 146 6
98 106 2
115 46 9
15 108 19
142 149 1
156 47 15
17 154 13
191 41 6
149 44 9
94 108 4
154 159 1
195 160 6
142 41 11
109 93 9
183 42 20
73 170 9
100 44 19
45 108 15
58 47 12
163 100 16
168 178 2
61 52 3
176 39 16
195 52 10
181 117 20
98 119 13
114 63 4
12 52 17
89 6 1
135 122 20
33 111 11
74 112 4
148 61 1
93 125 15
123 4 16
169 120 8
81 7 17
26 71 7
86 122 15
72 187 14
130 165 11
190 179 5
157 2 4
28 117 7
88 168 10
148 182 1
0 55 6
160 7 7
19 68 2
65 184 5
63 111 5
137 60 3
197 74 3
169 12 4
7 179 6
26 192 13
141 179 10
172 17 2
158 119 11
125 171 17
72 79 8
61 186 17
19 189 4
179 178 17
160 128 5
187 2 8
123 17 20
34 174 2
172 138 17
185 77 11
171 179 14
23 15 18
157 15 8
88 181 19
148 195 8
0 68 3
146 122 13
60 82 20
5 146 17
104 125 14
7 192 3
136 77 18
53 79 3
139 82 1
194 18 6
180 120 10
92 7 14
37 71 14
23 136 20
83 187 9
50 10 8
69 23 19
14 87 13
187 15 6
99 131 3
11 18 9
2 198 3
76 147 6
117 185 13
136 198 8
29 72 11
120 190 16
185 90 4
105 67 19
124 80 5
69 144 3
25 74 9
145 139 5
38 13 6
78 85 9
152 34 1
36 88 10
110 37 7
55 101 1
27 39 5
159 195 11
38 134 6
145 31 10
76 160 15
117 198 7
87 26 3
18 155 19
6 101 2
92 141 3
4 28 9
50 144 2
182 34 6
30 165 3
145 152 4
184 80 8
103 155 17
101 45 4
18 47 2
4 149 19
45 150 14
174 35 9
78 98 12
131 109 5
175 152 3
87 39 17
18 168 5
133 155 3
110 171 7
89 48 9
24 104 10
184 93 10
170 158 17
45 163 18
119 112 9
64 176 10
22 179 4
80 120 14
140 171 6
179 99 16
54 104 10
128 53 6
130 99 11
89 61 18
28 51 20
181 64 17
46 105 1
65 118 12
170 171 11
197 8 7
183 110 7
169 175 15
21 48 18
100 112 1
158 53 15
42 107 12
116 56 3
190 5 11
162 172 3
148 8 11
179 112 3
192 51 18
137 115 14
51 75 6
156 128 19
49 2 2
90 3 6
109 53 19
150 54 4
114 131 14
7 5 1
26 18 20
141 5 6
53 121 18
153 59 10
158 174 12
171 113 13
116 177 10
135 190 19
9 51 2
28 64 6
143 14 20
60 16 4
65 131 8
164 73 6
169 188 9
136 11 1
144 131 2
23 70 3
42 120 14
9 172 20
162 185 7
0 123 13
129 8 17
165 190 18
44 129 8
76 81 9
62 183 15
150 67 8
34 121 14
153 72 13
6 22 4
111 75 16
185 24 13
171 126 6
50 65 9
74 193 10
41 16 2
27 81 15
32 196 18
151 147 8
117 11 4
103 76 7
153 193 6
120 16 19
106 81 20
39 91 2
4 70 3
157 83 19
124 135 19
196 11 7
60 150 12
187 191 7
159 129 1
180 188 14
92 75 10
166 24 11
97 153 9
138 191 10
50 78 5
27 94 16
187 83 19
168 33 5
71 137 10
186 87 3
189 92 8
142 17 11
78 32 16
64 97 14
17 22 17
163 76 4
108 140 17
38 81 16
112 30 11
131 43 18
115 35 12
120 150 4
188 25 17
133 89 10
193 103 16
31 41 9
91 92 15
36 156 6
163 197 5
149 33 16
52 100 11
126 49 9
142 30 2
188 146 7
100 33 4
45 97 14
119 46 18
64 110 10
181 106 6
79 95 16
98 108 19
82 100 17
1 175 2
54 38 16
12 41 6
191 43 10
58 157 12
158 95 19
130 33 14
135 111 6
52 113 18
24 51 14
68 57 9
73 172 12
147 121 1
26 60 19
141 47 13
70 103 2
77 62 9
89 116 6
130 154 7
0 44 4
19 57 18
63 100 10
183 165 19
114 65 14
174 116 1
33 113 1
5 14 15
10 129 14
109 108 9
68 70 3
54 172 19
150 109 18
86 124 8
125 52 20
190 181 8
107 183 17
160 9 1
146 111 4
46 173 10
104 114 1
51 22 8
123 127 17
169 14 15
136 66 15
34 55 5
53 68 10
171 60 14
69 12 1
60 192 14
27 15 4
192 119 4
48 74 11
122 23 8
20 12 18
39 25 1
190 194 16
83 68 14
129 184 11
60 84 12
187 125 3
132 189 17
164 141 3
16 14 13
76 28 1
136 79 7
34 68 4
180 122 10
139 84 1
37 73 14
111 22 14
152 23 8
138 125 11
83 189 18
196 66 3
14 89 18
13 130 19
159 184 20
35 148 2
120 192 20
166 79 11
78 195 19
152 144 11
143 95 8
182 23 10
25 76 2
30 154 18
184 69 1
18 36 20
23 151 13
152 36 20
196 79 19
71 84 5
112 85 7
57 149 4
115 90 15
194 154 8
6 103 20
133 144 15
105 82 15
50 146 1
108 87 5
182 36 13
167 142 18
24 93 20
170 147 20
82 34 19
1 109 2
106 162 11
59 87 18
36 103 14
22 168 14
80 109 20
195 96 3
140 160 4
52 47 13
115 103 5
73 106 8
188 93 4
177 163 18
126 117 18
167 155 9
165 45 17
24 106 16
170 160 16
174 50 7
158 42 8
163 157 9
176 96 7
135 58 19
195 109 2
181 174 15
74 48 14
19 112 19
79 163 12
98 176 8
10 63 7
51 64 19
109 42 5
114 120 15
67 45 2
12 109 19
75 165 16
135 179 17
28 53 14
102 2 3
47 66 19
162 53 19
5 69 7
46 107 4
151 123 10
123 61 5
68 125 12
183 112 13
169 177 6
81 64 16
53 2 13
116 58 14
47 187 11
0 112 20
74 61 11
146 166 7
93 74 10
13 51 1
151 15 5
137 117 4
178 118 6
35 69 2
169 69 17
81 185 7
70 63 1
171 115 4
146 58 11
46 120 8
151 136 5
150 177 17
2 13 3
62 64 12
7 128 6
26 141 1
172 195 5
120 5 19
125 120 16
56 20 20
102 136 7
14 23 9
55 24 3
132 15 18
173 16 15
178 131 13
197 144 13
2 134 11
81 198 9
29 8 9
134 61 7
92 64 11
152 78 2
185 26 9
113 123 15
32 198 12
145 75 7
164 88 7
62 77 6
153 195 5
161 19 14
180 69 15
138 72 13
83 136 2
9 187 11
124 137 11
196 13 12
55 37 20
96 75 17
99 80 20
173 29 12
112 19 17
117 134 4
136 147 12
115 24 18
120 139 11
194 88 6
180 190 13
59 129 18
4 193 2
78 142 1
188 14 2
50 80 3
96 196 20
8 83 14
94 86 6
30 101 11
186 89 10
184 16 3
48 155 8
87 83 17
147 97 18
119 35 16
105 137 2
17 24 17
163 78 6
22 102 9
80 43 6
25 144 3
154 29 8
101 102 13
18 104 17
59 142 2
31 43 1
177 97 9
110 107 4
196 147 9
75 86 3
168 48 18
195 151 9
66 37 13
52 102 9
198 156 13
10 105 20
115 158 1
147 110 3
58 38 6
77 51 4
149 156 20
126 172 19
24 161 9
101 115 6
161 166 1
40 105 6
73 53 6
174 105 7
119 169 14
58 159 16
116 100 11
107 51 3
52 115 3
46 41 17
5 3 14
137 159 20
54 161 14
128 110 8
114 175 13
67 100 8
26 62 15
58 51 19
179 48 17
46 162 17
197 65 12
95 54 19
169 3 18
26 183 19
72 70 18
135 126 16
88 51 4
65 67 4
156 185 16
67 113 10
72 191 12
125 54 4
39 14 3
130 169 16
9 108 15
28 121 11
41 60 16
62 119 13
7 183 20
26 196 4
153 8 16
180 111 12
125 175 12
39 135 14
144 188 14
185 189 15
56 75 15
97 76 2
42 177 5
138 114 17
0 180 14
160 132 13
60 194 20
113 57 14
13 119 16
132 70 9
159 173 4
16 124 2
150 124 20
48 76 1
122 25 8
39 27 8
37 183 3
83 70 20
124 71 11
14 T 3
41 73 11
60 86 8
25 65 1
13 11 10
44 78 2
2 81 12
76 30 3
134 8 1
194 22 11
18 25 17
133 12 19
37 75 10
152 25 7
124 192 10
196 68 1
154 71 15
13 132 9
173 84 8
25 186 15
145 22 2
131 87 12
34 191 8
87 17 1
166 81 17
152 146 4
45 20 7
69 148 2
110 149 11
196 189 17
99 27 16
11 143 10
2 94 4
43 95 3
29 197 12
120 86 8
106 151 3
105 192 18
36 92 5
108 197 10
182 146 1
186 36 9
57 151 6
115 92 14
128 31 10
147 44 20
188 82 16
64 46 12
191 87 20
163 25 11
85 105 10
38 30 7
79 31 2
189 162 15
161 100 18
40 39 6
45 154 20
3 157 5
22 170 5
61 98 1
80 111 12
195 98 13
167 36 10
38 151 5
198 103 2
156 106 17
15 167 16
177 165 2
3 49 13
168 116 8
88 93 10
33 157 9
121 41 16
52 170 5
10 173 11
170 162 7
63 36 20
68 114 10
147 178 4
141 104 12
58 106 8
177 57 4
144 109 13
42 98 9
176 98 5
47 176 9
135 60 16
181 176 15
198 116 13
98 178 11
32 53 4
151 4 20
63 157 17
177 178 2
89 65 17
130 103 2
190 117 6
102 4 17
148 120 3
93 184 14
165 60 18
104 50 10
7 117 5
144 122 6
148 12 11
192 55 3
123 184 6
90 7 12
21 173 10
95 122 1
40 186 14
169 71 8
48 10 4
153 63 20
139 128 12
39 190 9
125 1 17
9 55 8
28 68 19
74 184 3
60 20 7
16 179 3
145 64 5
35 192 12
49 127 5
169 192 2
48 131 12
153 184 5
172 197 1
120 7 4
34 4 13
70 186 15
23 74 18
69 190 19
14 25 12
146 181 6
187 182 18
60 141 18
25 120 19
13 66 8
99 69 18
118 82 2
29 10 1
120 128 2
20 190 11
78 131 17
157 195 6
99 190 19
132 138 7
30 90 16
145 77 2
164 90 20
43 29 9
29 131 8
120 20 2
20 82 19
92 187 8
78 23 5
23 87 8
138 74 12
50 190 11
143 152 17
85 147 10
112 21 7
115 26 3
73 29 1
78 144 7
50 82 9
96 198 5
108 23 7
127 36 10
94 88 7
66 26 6
85 39 7
126 40 3
112 142 8
38 193 2
131 155 6
24 29 11
43 42 7
170 83 16
29 144 7
191 142 5
17 26 4
77 40 1
176 19 10
126 161 15
43 163 17
156 40 15
73 42 11
119 158 5
12 32 4
77 161 19
33 91 2
186 104 11
142 34 10
54 150 3
119 50 9
86 102 16
66 160 19
107 161 9
162 97 2
126 174 13
19 48 10
98 112 6
40 107 16
119 171 13
58 161 3
177 112 4
195 166 2
52 117 12
46 43 2
10 120 7
51 121 14
95 164 9
88 161 9
47 123 6
0 48 14
60 62 2
46 164 3
65 177 20
137 53 19
178 54 3
183 169 12
95 56 3
81 121 3
14 67 4
129 54 13
49 61 7
164 11 1
134 105 16
172 131 15
20 3 11
37 172 2
144 69 15
56 185 4
185 70 16
143 73 16
41 62 13
99 3 7
44 67 16
35 18 18
117 57 5
150 5 13
2 70 5
7 185 10
141 185 18
180 113 18
23 129 17
50 3 17
69 16 3
27 19 6
132 72 4
32 134 17
16 126 10
90 75 3
29 65 7
56 198 5
69 137 10
96 11 1
127 78 8
30 145 6
164 145 8
38 6 9
57 19 14
2 83 3
76 32 9
62 134 10
103 135 2
20 137 1
92 13 8
59 65 9
138 129 11
50 16 6
91 17 6
36 81 17
110 30 5
173 86 12
30 37 12
71 75 13
131 89 7
29 78 7
189 30 20
166 83 15
25 80 16
121 17 20
98 33 15
43 97 16
103 148 5
189 151 8
101 38 12
142 76 16
59 78 13
133 27 10
174 28 20
182 148 16
75 22 7
94 35 5
33 25 2
52 38 14
167 25 16
98 154 10
184 194 5
18 161 12
188 84 13
59 T 4
193 162 18
105 86 15
110 164 20
89 41 15
75 143 7
108 91 6
140 43 17
167 146 2
101 51 8
87 153 7
1 113 10
155 28 13
193 54 3
3 159 9
22 172 3
135 49 2
195 100 7
181 165 2
156 108 8
109 33 3
128 46 4
169 47 14
67 36 14
12 100 20
158 154 4
130 92 18
47 57 8
88 95 18
5 60 9
63 38 12
21 41 18
100 105 3
176 100 20
19 116 17
148 1 5
192 44 16
137 108 7
197 122 17
35 60 10
95 111 7
40 175 20
155 162 6
26 11 9
153 52 20
158 167 7
177 180 5
130 105 14
116 170 20
14 122 2
88 108 4
151 127 5
49 116 15
68 129 1
150 168 13
21 54 18
62 55 7
153 173 16
86 183 7
144 124 6
89 188 6
185 125 14
97 12 18
138 50 20
162 178 20
160 68 19
60 130 16
165 183 10
132 6 6
44 122 9
178 122 3
123 186 4
136 125 6
7 11 2
180 168 20
13 176 12
118 192 1
151 140 8
90 130 17
111 189 12
4 63 13
127 133 13
160 81 15
76 87 15
62 189 7
48 25 8
175 66 12
166 17 18
97 146 14
50 71 5
113 127 12
16 194 6
57 195 11
90 143 20
84 69 8
29 133 3
103 82 14
48 146 11
87 74 20
50 192 13
124 141 8
36 28 17
187 197 9
25 135 8
85 149 4
38 74 6
2 151 9
131 36 7
117 138 18
120 143 18
59 133 11
17 136 18
55 162 8
52 93 3
167 80 6
126 42 3
186 93 7
170 85 18
73 152 9
147 101 11
17 28 14
22 106 14
168 160 20
80 47 5
126 163 19
161 157 1
58 150 4
177 101 20
176 142 16
126 55 15
198 160 14
54 152 11
141 40 8
12 155 19
191 157 14
58 42 16
77 55 9
61 47 8
107 163 17
19 50 11
156 55 6
21 96 12
95 45 15
58 163 7
135 117 3
80 181 16
47 4 5
179 160 6
46 45 5
65 58 9
151 61 7
51 123 18
197 177 13
49 50 17
26 66 18
28 112 14
88 163 6
47 125 5
146 104 15
46 166 4
5 128 9
65 179 8
63 106 10
51 15 9
123 120 16
68 184 2
95 58 6
7 174 2
180 102 5
139 64 6
172 12 17
111 2 16
190 66 6
49 63 4
150 115 1
62 2 9
81 15 2
134 107 9
125 58 14
70 122 8
9 112 15
148 190 9
160 15 16
187 118 2
5 141 1
13 2 2
99 5 8
25 56 18
49 184 13
57 8 18
34 61 20
125 179 16
23 131 3
97 80 16
14 82 5
55 83 12
129 69 17
60 198 14
187 10 19
99 126 1
159 177 14
90 77 15
117 180 10
34 182 9
20 18 8
6 83 2
166 72 13
105 62 12
138 10 12
69 139 7
25 69 11
140 19 18
159 69 2
38 8 12
76 34 4
103 137 10
15 24 9
20 139 2
152 29 14
193 30 4
64 145 5
17 70 10
36 83 9
110 32 14
96 134 13
8 21 19
154 75 11
99 139 3
118 152 14
38 129 17
71 77 9
57 142 14
76 155 19
175 134 15
64 37 19
110 153 17
108 80 7
8 142 16
11 147 13
85 96 11
24 86 4
98 35 4
189 153 18
106 155 2
133 29 16
45 145 12
91 32 8
3 148 14
36 96 16
195 89 16
140 153 19
112 91 14
198 94 3
156 97 12
188 86 4
133 150 11
12 89 7
89 43 15
163 29 4
94 158 7
121 32 19
107 97 4
181 46 5
167 148 20
186 161 9
165 38 11
24 99 17
10 164 12
63 27 4
82 40 15
183 92 16
1 115 2
174 43 9
86 159 3
163 150 19
89 164 8
121 153 9
19 105 14
179 94 10
137 97 16
82 161 10
156 110 16
101 174 13
95 100 14
174 164 4
172 54 8
89 56 10
149 107 10
88 97 2
107 110 5
93 175 1
65 113 6
51 178 16
104 41 3
21 43 17
42 102 18
157 52 3
47 180 5
74 54 3
192 46 16
95 113 14
169 62 19
155 164 20
134 41 11
26 13 12
172 67 6
72 129 3
37 108 4
111 57 4
190 121 10
135 185 9
102 8 10
74 175 4
146 51 3
5 75 17
104 54 4
62 57 8
7 121 12
136 6 3
67 172 18
141 121 10
185 127 15
55 17 3
96 55 5
160 70 14
5 196 11
44 124 4
178 124 20
117 114 11
194 68 13
92 57 1
111 70 5
185 19 8
83 8 8
69 73 8
143 22 8
27 76 8
113 116 5
173 130 5
16 183 1
164 81 4
117 6 1
29 122 16
122 84 15
153 188 7
194 189 16
180 62 19
111 191 20
9 180 7
97 27 12
69 194 9
196 6 6
131 25 14
48 27 3
194 81 7
106 197 3
139 145 18
92 70 10
157 T 3
50 73 9
124 22 10
69 86 19
168 28 7
13 191 1
85 30 16
131 146 19
29 135 6
48 148 4
142 12 1
119 28 8
64 92 7
163 71 10
85 151 9
101 95 17
161 146 16
105 22 17
17 138 2
91 87 13
110 100 4
168 41 19
107 31 1
126 44 19
112 146 11
186 95 16
170 87 18
54 141 18
128 90 8
188 141 15
45 92 15
3 95 8
163 84 3
168 162 5
121 87 14
66 151 12
107 152 3
126 165 3
179 28 14
43 167 9
114 47 6
31 49 8
72 50 2
61 157 11
195 157 4
33 95 13
93 109 8
54 154 7
128 103 4
147 116 14
26 55 9
100 41 9
86 106 9
141 42 11
58 44 15
42 36 11
63 95 11
123 109 5
155 98 20
158 103 13
58 165 20
130 41 4
80 183 12
148 58 9
192 101 12
197 179 2
169 117 3
12 170 19
39 7 11
89 124 10
130 162 4
129 166 7
160 4 14
60 66 6
65 181 1
44 58 10
63 108 16
159 45 5
178 58 6
49 173 16
62 112 14
141 176 18
97 69 13
42 170 4
157 120 9
129 58 7
0 173 6
19 186 9
160 125 1
148 71 14
159 166 10
151 76 17
178 179 5
197 192 13
145 2 17
35 130 11
134 109 6
53 184 7
106 10 17
166 61 19
83 63 9
28 127 14
143 77 6
148 192 14
41 66 9
27 131 19
113 171 15
25 58 19
151 197 10
7 189 11
81 138 19
120 66 16
180 117 12
185 195 18
78 69 4
152 18 10
143 198 4
69 20 10
110 21 13
96 123 20
41 187 13
13 125 16
187 12 4
118 141 13
71 66 20
186 16 2
2 195 4
103 18 11
48 82 5
175 123 12
106 23 18
4 12 13
64 26 2
124 77 20
110 142 8
8 131 14
27 144 12
11 136 19
71 187 10
30 149 5
184 64 4
29 190 9
161 80 12
4 133 12
119 83 17
193 32 20
196 74 18
108 190 18
154 77 5
11 28 9
52 29 10
170 21 14
115 85 12
128 24 7
73 88 14
188 75 10
133 139 3
31 91 6
17 193 19
3 29 3
163 18 20
108 82 9
94 147 12
66 85 14
52 150 2
103 152 19
174 32 7
193 45 3
17 85 5
77 99 19
22 163 20
179 83 10
167 29 3
112 93 2
10 45 13
15 160 3
109 24 5
73 101 1
91 155 13
89 45 15
149 96 20
168 109 19
52 163 2
82 42 13
147 171 8
174 45 2
158 37 11
61 104 11
135 53 1
47 169 1
181 169 18
33 42 9
165 161 19
63 150 5
51 59 7
156 112 2
54 101 16
114 115 9
174 166 6
171 97 10
75 160 1
47 61 5
93 177 12
146 40 1
5 64 6
65 115 14
10 179 17
183 107 6
169 172 10
21 45 19
141 110 7
86 174 11
56 2 13
157 54 13
74 56 20
160 59 15
146 161 17
60 121 18
19 120 11
151 10 15
51 72 16
178 113 13
137 112 8
35 64 6
40 179 14
169 64 1
34 105 10
153 56 10
53 118 9
72 131 18
111 59 1
171 110 19
116 174 5
157 175 8
190 123 8
129 113 3
148 126 12
132 118 16
192 169 19
178 5 16
2 8 16
180 51 8
139 13 10
70 179 2
23 67 8
14 18 15
129 5 3
160 72 17
146 174 2
104 177 6
164 191 17
175 57 18
20 183 1
6 19 20
166 8 18
78 124 3
25 5 6
85 19 10
35 198 7
43 22 14
103 73 8
48 137 2
134 177 2
120 13 12
161 14 16
106 78 8
6 140 12
59 3 7
185 142 8
105 119 19
50 183 2
97 29 18
138 67 18
143 145 20
96 70 11
182 73 18
27 T 11
85 140 16
2 142 11
115 19 17
106 T 20
18 86 12
133 73 14
97 150 12
191 14 5
91 76 20
124 24 12
168 30 1
57 T 4
24 22 5
188 130 17
147 92 19
119 30 19
64 94 7
17 19 19
3 84 11
163 73 9
108 137 10
127 150 14
66 140 6
140 89 19
38 78 7
24 143 1
54 22 7
188 22 16
36 153 12
110 102 13
52 97 6
38 T 8
126 46 15
186 97 15
167 84 6
24 35 2
87 91 2
73 156 4
86 95 1
58 33 20
168 164 17
42 25 16
121 89 2
198 43 3
98 105 10
63 84 15
149 43 19
135 108 7
107 46 11
179 151 6
93 111 13
192 90 19
156 167 16
49 41 20
68 54 9
109 92 4
67 95 10
141 44 17
31 172 19
172 111 7
72 173 12
125 36 15
70 100 11
149 164 11
19 54 14
93 3 15
146 95 19
137 46 13
178 47 9
21 100 7
40 113 20
72 65 7
61 172 12
88 46 3
93 124 11
5 11 4
95 170 20
72 186 4
70 113 10
83 52 14
14 181 7
0 54 14
41 55 15
5 132 5
46 170 12
65 183 18
35 11 13
21 113 1
7 178 17
111 6 7
56 70 5
171 57 7
83 173 6
129 60 11
160 127 2
187 1 3
30 17 8
35 132 15
76 133 3
153 124 8
20 9 12
92 114 10
37 178 16
39 22 17
171 178 8
83 65 10
127 71 13
187 122 3
118 22 16
30 138 18
76 25 4
136 76 12
48 192 20
122 141 11
103 128 14
92 6 16
4 122 5
157 135 11
124 187 10
110 23 10
113 65 2
154 66 1
99 130 17
159 181 17
57 133 9
131 82 16
117 184 18
87 12 17
166 76 12
124 79 14
36 195 1
69 143 15
22 31 4
66 74 13
140 23 17
30 151 10
24 77 19
87 133 13
166 197 4
18 33 16
59 71 8
45 136 19
78 84 6
193 34 18
119 85 20
17 74 8
99 143 7
57 146 15
184 187 17
10 34 1
84 20 7
189 36 4
175 138 19
101 152 8
87 25 8
45 28 6
110 157 2
163 20 15
108 84 1
75 136 5
168 98 15
107 88 16
181 37 5
43 103 15
170 144 4
87 146 12
128 147 15
147 160 13
100 85 15
158 26 3
3 152 20
22 165 17
182 154 17
75 28 5
61 93 8
181 158 5
79 147 12
198 98 8
114 104 4
67 29 19
86 42 18
158 147 4
89 47 9
130 85 3
190 99 16
135 163 5
82 44 16
123 45 18
183 96 6
100 98 12
86 163 14
42 93 15
102 107 14
121 157 11
181 171 20
63 152 15
156 114 11
68 1 12
109 39 11
153 45 18
135 176 6
28 50 7
33 165 9
60 2 9
169 174 11
62 48 6
7 112 1
81 61 1
67 163 19
141 112 8
83 107 11
28 171 12
14 7 12
74 58 10
5 187 12
32 61 7
16 53 17
150 53 16
95 117 13
62 169 17
39 185 2
56 125 3
116 176 5
9 50 14
113 107 10
13 169 15
104 58 8
178 7 9
90 123 8
62 61 20
48 126 1
20 64 4
4 56 13
83 120 3
157 69 3
60 136 8
146 176 15
13 61 8
57 67 15
48 18 13
34 120 2
20 185 8
180 174 2
4 177 9
138 177 8
50 64 20
27 80 9
187 69 12
13 182 17
71 123 3
16 187 5
2 23 19
117 10 15
161 16 18
92 182 16
166 131 4
78 18 19
64 83 4
50 185 5
96 72 15
182 75 2
8 188 7
44 141 7
85 142 4
57 80 20
184 121 18
87 188 20
152 88 9
138 190 11
108 18 7
99 198 14
140 T 1
11 85 2
131 150 16
84 75 1
29 139 18
189 91 10
106 93 5
6 155 2
182 88 4
167 194 6
184 134 8
170 T 6
142 137 10
161 150 12
18 101 20
59 139 17
31 40 17
17 142 1
88 22 5
107 35 5
52 99 12
126 48 7
167 86 6
112 150 13
198 153 1
189 104 7
68 43 18
191 150 15
58 35 12
144 38 3
107 156 19
181 105 3
79 94 7
68 164 15
1 174 2
95 38 7
40 102 4
53 41 19
75 96 8
116 97 18
195 161 18
93 113 7
198 166 1
109 94 18
54 158 2
169 108 15
114 172 2
125 38 5
144 51 19
171 154 11
88 156 10
107 169 12
148 170 3
181 118 17
19 56 11
146 97 3
65 172 3
137 48 1
26 180 9
139 57 2
158 107 1
125 159 8
144 172 17
116 110 13
14 62 7
129 49 7
74 113 5
60 178 17
13 103 12
32 116 12
151 67 12
90 57 17
150 108 12
169 121 6
114 185 6
48 60 10
134 100 8
70 115 10
56 180 1
171 167 7
14 183 9
46 172 19
118 11 7
159 49 14
2 65 6
120 57 12
39 132 16
97 73 4
143 189 10
196 52 11
55 76 10
13 116 16
187 3 10
159 170 19
16 121 4
35 134 4
53 188 12
194 127 15
20 11 7
166 65 11
111 129 12
4 3 6
196 173 6
143 81 9
55 197 10
129 183 18
41 70 16
173 189 6
44 75 2
85 76 19
76 27 16
62 129 17
120 70 5
20 132 12
194 19 17
185 T 17
138 124 13
182 130 12
8 14 2
154 68 6
30 32 5
131 84 3
136 T 19
15 138 14
106 27 16
18 143 19
59 181 12
4 16 9
196 186 5
168 87 13
154 189 20
66 76 20
140 25 15
145 140 15
29 194 8
133 22 14
119 87 7
64 151 5
17 76 13
3 141 20
110 38 14
108 194 5
75 17 5
198 87 15
186 33 6
115 89 9
189 38 12
101 154 17
54 79 13
188 79 14
177 149 16
130 74 11
163 22 2
33 141 4
52 154 12
126 103 10
181 39 13
98 41 19
84 143 17
63 20 12
89 157 11
19 98 4
93 47 19
98 162 19
192 26 20
51 50 7
101 167 5
89 49 6
130 87 18
47 52 7
162 39 17
88 90 11
167 154 14
63 33 18
82 46 6
169 163 18
141 101 13
70 157 7
61 108 20
102 109 3
19 111 9
178 104 10
169 55 13
114 119 6
67 44 17
26 6 20
53 109 3
158 162 17
111 50 19
56 114 2
116 165 19
9 39 9
32 171 12
109 162 9
150 163 16
197 9 19
35 176 3
68 124 17
67 165 12
172 181 3
53 1 15
138 45 2
47 186 4
14 9 4
118 66 2
90 4 5
20 174 4
6 10 4
124 2 12
129 117 19
118 187 14
164 74 15
150 176 20
2 12 4
7 127 3
48 128 17
136 12 15
20 66 3
39 79 17
160 76 19
27 190 4
99 66 17
44 130 13
118 79 3
164 195 20
2 133 19
136 133 7
103 185 11
29 7 14
120 125 19
152 77 4
36 131 15
55 144 19
160 197 17
113 122 12
66 10 6
16 189 4
43 26 11
122 90 15
78 20 18
119 21 8
50 187 17
124 136 8
17 10 16
127 141 15
25 130 20
66 131 5
98 83 3
193 91 12
105 15 16
75 72 3
8 82 5
195 137 6
107 24 17
126 37 10
184 15 11
43 39 5
87 82 10
73 147 2
147 96 20
45 85 6
58 24 12
75 193 8
61 29 12
140 93 10
181 94 6
167 196 17
43 160 7
161 152 11
73 39 13
114 40 17
12 29 3
91 93 20
163 198 10
149 34 15
190 35 17
33 88 1
107 37 14
52 101 16
179 142 3
65 40 12
170 93 1
109 83 14
128 96 15
73 160 19
67 86 8
26 48 18
86 99 5
102 43 13
126 171 7
0 32 4
179 34 1
165 99 10
63 88 4
68 166 4
114 53 8
53 43 11
177 109 12
176 150 14
33 101 4
74 102 18
65 53 10
192 94 12
183 45 5
150 97 13
67 99 17
12 163 1
144 53 12
130 155 20
47 120 9
162 107 11
41 46 11
51 10 6
49 166 20
183 166 18
26 182 19
53 56 12
56 61 18
83 164 17
102 177 10
14 64 16
19 179 9
160 118 15
27 3 14
151 69 18
178 172 16
71 46 6
30 8 18
92 105 20
125 53 18
143 70 3
146 112 12
187 113 11
151 190 19
16 2 17
57 3 12
4 113 10
152 11 20
102 190 18
110 14 2
96 116 3
187 5 12
57 124 2
76 137 4
194 129 15
139 193 20
37 182 19
111 131 6
97 196 8
105 57 5
69 134 6
196 175 4
55 T 17
27 137 13
132 190 13
71 180 18
122 145 8
106 137 17
133 11 5
4 126 20
138 126 15
105 178 10
41 193 12
94 19 13
140 135 8
11 21 1
15 140 7
175 129 12
106 29 7
147 30 6
64 32 11
17 186 1
105 70 10
191 73 20
50 134 9
108 75 20
182 24 11
154 191 3
79 17 18
98 30 13
100 76 3
45 140 17
91 27 4
177 30 16
77 92 8
108 196 3
182 145 9
75 19 5
33 22 2
101 156 15
18 158 8
177 151 10
130 76 13
135 154 6
181 41 20
68 100 3
101 48 1
128 151 10
142 86 16
147 164 4
21 25 17
155 25 18
144 95 11
33 35 5
74 36 7
98 164 2
137 92 15
101 169 4
67 33 3
130 89 18
190 103 19
47 54 20
33 156 19
74 157 2
93 170 8
192 149 6
63 35 18
49 100 7
123 49 19
81 52 19
42 97 17
19 113 5
32 52 20
63 156 14
16 44 5
35 57 13
150 44 15
40 172 6
53 111 9
72 124 6
185 1 9
171 103 18
60 6 14
13 160 10
51 186 11
153 170 16
20 55 7
139 6 9
185 122 1
23 60 11
157 60 20
41 114 7
187 168 4
159 106 19
118 68 14
178 119 19
164 184 16
90 6 14
35 70 7
117 109 16
62 173 12
81 186 4
153 62 9
20 176 7
180 165 8
39 189 7
53 124 4
6 12 19
37 116 12
8 58 6
173 125 8
117 1 7
134 170 7
122 79 17
120 6 19
185 135 1
152 187 9
138 60 20
182 66 3
27 192 18
154 4 6
71 6 17
112 7 17
131 20 18
62 186 6
194 76 10
106 192 1
50 68 3
91 69 11
96 184 5
182 187 8
94 74 3
11 76 6
142 7 15
87 71 14
106 84 11
6 146 12
100 10 18
64 87 19
3 77 18
8 192 12
154 17 2
121 69 16
140 82 17
195 18 17
24 136 20
184 125 7
198 23 16
1 152 8
133 79 13
174 80 14
78 143 2
12 18 2
17 133 3
177 85 12
149 23 1
167 77 3
84 79 16
142 20 13
1 44 1
128 85 14
188 136 15
3 90 19
89 93 10
75 195 10
42 18 15
195 31 5
107 147 4
19 34 1
198 36 18
43 162 17
137 26 12
54 28 1
174 93 13
17 146 17
177 98 20
130 23 6
116 88 20
107 39 5
52 103 20
179 144 20
46 29 5
156 160 1
12 152 5
141 37 3
31 165 18
88 147 13
107 160 14
19 47 4
79 98 20
197 53 16
26 171 9
72 58 5
144 163 1
116 101 11
14 53 1
148 53 12
5 4 19
51 120 2
197 174 16
95 163 15
26 63 12
53 166 13
83 45 16
143 59 19
162 109 12
60 61 9
164 118 15
81 120 10
141 171 10
180 99 8
125 163 1
185 177 3
56 63 18
23 115 7
14 66 20
27 5 15
32 120 15
118 123 7
16 112 13
150 112 8
134 104 7
83 58 20
124 59 9
143 72 3
129 174 9
148 187 3
127 64 16
27 126 7
187 115 9
132 179 9
71 169 1
30 131 12
103 121 6
166 177 4
59 51 15
110 16 6
96 118 18
60 195 15
99 123 7
186 11 2
57 126 13
136 190 11
29 64 19
103 13 17
120 182 13
36 188 5
8 126 6
27 139 4
25 66 11
90 195 11
15 21 8
133 13 19
193 27 2
163 121 1
108 185 12
110 29 18
75 8 6
154 72 3
25 187 18
57 139 4
10 27 7
73 83 3
105 72 11
191 75 4
91 137 10
196 190 11
3 24 12
108 77 15
94 142 14
11 144 17
38 18 10
79 19 2
84 134 8
29 198 2
40 27 1
155 14 15
91 29 2
3 145 3
177 32 5
121 137 13
140 150 5
52 37 1
38 139 1
198 91 3
170 29 10
142 196 20
54 83 15
73 96 4
59 198 14
147 45 5
174 148 5
188 83 4
31 99 9
191 88 17
91 150 12
130 78 19
149 91 7
47 43 2
179 T 11
79 32 3
10 161 11
170 150 17
21 27 15
86 156 12
158 32 13
58 94 2
144 97 15
177 45 2
61 99 20
181 164 7
0 89 11
74 38 19
32 41 18
63 145 9
109 32 17
169 46 20
153 38 19
12 99 20
72 113 13
116 156 2
9 30 13
33 158 16
165 48 8
65 110 1
51 175 19
63 37 4
67 156 3
153 159 2
125 97 12
42 99 20
74 51 12
19 115 11
146 156 19
32 54 4
21 161 19
95 110 20
136 111 9
180 154 19
116 169 5
60 8 18
27 60 19
13 162 14
146 48 7
49 115 8
164 65 14
150 167 8
81 67 14
20 57 2
180 46 6
92 162 15
39 70 20
138 49 16
36 1 10
55 14 11
146 169 5
13 54 10
118 70 17
164 186 8
16 59 4
117 111 11
62 175 13
194 65 2
110 71 5
55 135 6
160 188 14
13 175 7
99 178 1
66 1 14
85 14 4
90 129 18
175 173 9
6 135 4
64 76 9
50 178 20
55 27 14
8 181 13
27 194 5
99 70 8
11 186 1
38 60 14
2 137 3
43 138 14
161 130 10
194 78 5
191 9 7
96 186 2
154 127 20
99 191 19
66 14 20
38 181 5
112 130 12
186 79 11
43 30 11
189 84 20
161 22 19
100 12 17
17 14 9
3 79 8
182 81 10
38 73 6
112 22 3
198 25 11
184 127 3
84 189 16
163 189 3
130 12 7
75 76 16
176 128 17
168 38 14
126 41 16
186 92 2
10 95 10
115 148 11
109 74 20
86 90 14
58 28 7
130 133 18
75 197 6
176 20 19
181 98 18
65 152 14
68 157 7
197 42 15
155 82 20
77 162 13
61 154 12
74 93 8
148 42 16
107 41 19
156 162 18
68 49 9
183 36 2
95 152 7
12 154 9
88 149 1
0 36 18
60 50 12
53 47 8
72 60 16
144 165 15
171 39 14
190 52 6
132 47 3
197 176 4
114 178 20
34 155 9
153 106 11
125 44 14
185 58 16
28 111 11
148 176 8
41 50 4
187 104 7
32 1 3
2 58 20
62 109 12
122 123 18
34 47 6
144 178 19
185 179 2
138 104 2
143 182 14
69 4 11
0 170 20
41 171 11
113 47 5
99 112 8
173 61 5
134 106 4
53 181 11
139 184 20
20 4 1
185 71 12
23 9 1
9 111 12
105 48 20
187 117 9
71 171 2
164 133 2
15 10 17
161 64 18
18 15 20
133 2 14
4 117 6
138 117 19
124 182 11
143 195 7
50 4 13
182 123 12
27 20 1
25 176 3
154 61 11
173 74 18
11 12 6
30 25 20
117 179 9
175 120 8
194 133 13
87 7 14
78 187 6
36 190 17
196 179 15
186 134 11
24 72 5
184 61 1
29 187 2
101 26 13
142 64 19
106 141 5
193 29 3
64 144 13
77 83 3
108 187 18
94 23 16
66 190 5
24 193 19
175 133 19
87 20 1
45 23 17
31 88 5
91 139 10
154 195 6
140 31 20
52 147 8
126 96 9
186 147 11
184 74 8
54 193 10
87 141 20
147 155 1
158 21 5
17 82 19
22 160 14
75 23 2
19 91 13
179 80 14
82 147 4
169 35 8
193 163 3
67 24 6
31 101 4
158 142 2
177 155 1
75 144 20
33 147 12
107 96 4
162 32 9
181 45 6
63 26 14
128 155 8
26 107 5
141 94 6
86 158 6
116 37 10
0 91 18
179 93 18
109 34 14
21 150 1
155 150 15
172 53 8
70 42 7
162 45 16
148 110 3
5 61 9
35 169 19
150 156 2
164 54 20
62 43 17
7 107 1
81 56 18
67 158 7
144 112 15
157 51 20
47 179 12
35 61 19
136 113 20
53 115 11
14 123 13
32 177 14
51 190 3
35 182 8
48 121 1
153 174 14
194 175 2
39 72 12
4 51 20
83 115 16
124 116 11
69 180 5
187 172 7
30 188 13
104 174 2
16 61 20
76 75 5
117 113 19
136 126 20
81 190 3
134 53 16
34 115 14
20 180 19
180 169 8
133 57 2
50 59 6
8 62 15
27 75 3
85 16 8
71 118 4
103 70 5
189 73 6
106 75 14
92 177 14
45 65 14
119 14 9
143 142 2
22 81 7
182 70 8
127 134 6
66 124 14
11 188 7
99 72 1
186 189 6
101 81 19
59 121 1
105 8 14
17 124 13
110 86 3
55 150 10
168 27 17
154 129 15
52 81 3
126 30 3
38 183 5
57 196 14
131 145 18
115 137 15
15 T 5
189 86 1
87 75 2
161 24 3
73 140 19
100 14 3
91 194 13
163 70 13
85 150 18
126 151 20
170 194 12
54 19 15
40 84 14
100 135 6
174 84 8
45 T 1
12 22 9
31 35 14
158 76 9
75 78 1
126 43 16
54 140 6
128 89 14
114 154 20
100 27 6
58 30 16
89 97 9
168 161 5
0 25 19
79 89 9
68 159 9
40 97 9
100 148 17
26 162 20
177 102 5
56 41 2
130 27 1
74 95 12
19 159 5
192 87 3
51 111 2
95 154 10
114 167 8
7 41 20
12 156 7
141 41 4
125 33 4
42 35 17
19 51 3
146 92 15
151 170 18
159 31 4
62 98 7
7 162 10
81 111 10
37 41 14
56 54 19
129 44 19
74 108 4
160 111 20
118 114 5
51 124 12
48 55 20
34 157 12
172 121 4
166 47 5
69 114 6
129 165 13
148 178 19
159 44 17
145 109 18
2 60 16
76 9 9
62 111 12
7 175 14
136 60 2
97 68 18
143 184 9
160 124 20
113 49 10
159 165 6
2 181 14
103 4 1
48 68 7
194 122 6
139 186 5
92 111 10
69 127 20
110 128 19
129 178 9
143 76 10
108 55 15
132 183 14
11 122 3
85 71 18
44 70 20
90 186 3
164 135 15
57 9 14
84 112 18
175 1 16
194 14 12
6 192 17
17 58 10
55 84 2
41 186 20
25 178 17
44 191 5
167 2 7
57 130 4
84 4 17
103 17 11
115 71 18
120 186 11
194 135 20
87 9 13
188 61 2
147 23 15
6 84 17
64 25 1
91 128 16
196 181 13
94 133 18
173 197 9
11 135 8
59 68 2
119 82 8
193 31 7
17 71 9
91 20 12
3 136 7
140 141 12
38 130 1
79 131 11
186 28 11
10 31 6
170 20 6
54 74 6
73 87 10
18 151 17
177 144 13
126 98 13
63 15 1
82 28 15
101 41 16
40 31 4
58 85 10
3 149 19
195 90 3
179 82 6
93 42 17
98 157 16
137 85 18
82 149 3
101 162 17
31 103 20
130 82 18
89 44 18
176 198 19
88 85 9
33 149 13
46 88 3
165 39 5
65 101 8
151 104 1
109 144 11
40 44 17
172 163 14
158 36 14
89 165 10
42 90 10
28 155 12
60 107 5
13 32 9
178 99 14
26 1 15
153 42 2
72 117 17
157 161 17
190 109 4
9 34 9
14 112 4
132 104 16
32 166 1
151 117 13
90 107 1
169 171 7
122 59 14
153 163 8
67 160 13
39 61 5
83 104 15
28 168 16
47 181 20
14 4 13
0 106 3
60 120 13
5 184 17
99 48 18
164 177 15
62 166 15
81 179 4
34 104 3
139 120 20
39 182 5
37 109 18
9 47 7
143 10 18
113 104 2
85 5 6
30 69 9
164 69 5
180 50 7
111 179 12
4 53 5
78 2 4
9 168 9
124 118 14
36 5 12
30 190 4
103 180 1
194 69 4
92 58 14
4 174 17
23 187 14
8 64 9
27 77 12
85 18 11
71 120 8
131 134 6
103 72 13
161 13 8
92 179 17
152 193 4
50 182 18
124 131 19
77 19 8
108 123 7
163 59 20
27 198 6
25 125 9
84 180 15
189 196 2
106 198 9
54 8 2
78 136 6
31 24 9
191 13 14
91 75 1
177 78 5
163 180 11
182 193 5
98 T 10
24 21 3
84 72 13
115 139 2
189 88 16
128 78 20
73 142 19
188 129 14
100 16 1
31 145 4
61 24 11
80 37 6
43 155 20
156 32 14
142 134 14
1 158 13
87 198 6
100 137 5
174 86 1
31 37 11
158 78 1
77 153 5
130 16 16
116 81 18
135 94 9
33 83 19
52 96 11
38 198 10
137 140 14
183 27 12
169 92 6
155 194 2
114 156 8
172 97 10
42 24 20
176 24 18
47 102 14
46 143 1
178 33 15
49 148 12
183 148 15
40 99 17
114 48 3
144 156 19
171 30 14
176 145 18
102 159 10
19 161 2
46 35 13
192 89 9
137 153 6
156 166 20
197 167 14
169 105 12
153 97 17
53 159 15
190 164 8
83 38 11
102 51 15
162 102 11
129 154 12
148 167 9
46 156 10
132 159 16
49 161 4
164 111 9
183 161 3
62 100 19
125 156 13
185 170 19
60 175 14
13 100 8
159 154 8
51 126 2
90 54 2
35 118 20
150 105 15
136 170 9
153 110 5
139 175 4
39 8 5
37 164 13
97 178 3
50 103 9
14 180 19
41 54 4
127 57 1
132 172 12
117 49 19
15 1 16
34 51 19
194 3 10
185 183 4
37 56 2
97 70 9
83 172 9
124 173 18
157 121 13
143 186 11
27 11 4
159 167 4
103 6 1
48 70 19
92 113 4
166 62 5
45 1 8
50 116 11
36 181 8
22 17 1
127 70 11
113 172 11
99 8 4
11 124 7
140 9 16
145 124 16
90 188 9
131 189 1
43 76 3
189 130 2
15 14 10
161 68 19
78 70 18
124 186 12
17 60 2
196 62 12
25 180 3
85 194 1
167 4 5
76 145 12
15 135 6
128 12 6
73 76 1
59 178 5
64 27 9
196 183 6
108 70 20
8 132 15
182 19 8
149 71 10
173 T 18
121 9 12
11 137 17
85 86 15
126 87 2
38 11 20
43 89 9
189 143 5
1 92 19
128 133 17
191 189 17
158 12 9
17 73 7
163 127 18
66 194 7
167 17 9
198 84 3
98 146 18
10 33 20
156 87 20
128 25 16
147 38 5
193 154 5
12 79 6
191 81 17
177 146 6
126 100 10
179 192 8
65 90 3
170 143 17
123 31 14
109 133 5
147 159 16
158 25 15
3 151 13
135 41 3
181 157 19
93 44 19
63 138 1
137 87 9
35 39 16
21 141 13
95 90 12
169 39 6
86 41 16
72 106 11
130 84 8
9 23 13
162 36 19
46 90 10
165 41 8
51 168 17
49 95 10
183 95 4
150 147 6
62 34 11
125 90 17
70 154 12
89 167 17
28 157 15
102 106 8
146 149 16
137 100 10
35 52 7
21 154 13
169 52 8
40 167 13
172 57 19
157 163 16
28 49 15
148 114 1
113 93 7
51 181 16
104 44 18
90 109 1
150 160 14
169 173 9
62 47 2
134 152 15
48 112 12
153 165 15
172 178 19
20 50 8
111 168 4
157 55 13
102 119 18
41 109 13
25 101 3
159 101 12
81 181 17
122 182 17
120 109 16
194 58 4
139 122 3
92 47 8
157 176 14
69 63 5
96 166 3
129 114 11
187 55 20
84 48 9
134 165 8
92 168 12
78 4 7
23 68 4
64 69 11
41 122 20
27 187 13
99 63 9
11 179 18
44 127 1
159 114 4
85 128 11
131 15 9
161 123 5
59 112 17
50 63 15
36 128 7
108 4 6
168 18 9
118 197 20
11 71 5
85 20 20
167 59 2
71 122 1
57 187 4
170 64 6
15 190 17
87 66 8
1 26 2
188 118 19
59 4 10
100 5 19
124 133 16
22 85 8
94 190 19
168 139 1
127 138 7
11 192 11
85 141 1
38 66 7
98 80 5
189 198 19
115 20 17
15 82 18
59 125 3
31 26 8
154 133 4
186 85 3
68 29 18
128 80 2
188 131 3
45 82 6
58 21 4
168 152 4
66 141 10
107 142 19
167 193 3
198 31 8
184 133 5
98 93 4
63 72 16
156 34 5
183 137 15
100 139 1
177 93 15
163 195 4
75 82 3
116 83 20
74 86 6
49 29 19
95 145 12
114 158 7
155 196 8
67 83 1
125 24 5
89 101 17
61 39 17
47 104 8
60 43 2
5 107 7
63 85 6
183 150 18
7 153 10
81 102 18
190 45 3
61 160 14
19 163 8
60 164 4
192 91 3
114 171 2
26 58 1
153 99 18
125 37 16
111 102 2
83 40 5
44 48 7
49 163 8
180 94 11
185 172 17
37 45 20
23 110 3
138 97 2
143 175 4
14 61 6
196 38 1
32 115 7
44 169 9
173 54 7
90 56 16
150 107 12
136 172 4
48 59 15
122 8 18
120 164 20
6 62 3
92 102 14
9 104 20
83 53 13
129 169 6
118 10 11
145 113 3
103 116 7
48 180 4
122 129 3
15 3 16
20 118 15
97 72 3
55 75 20
94 3 11
11 5 1
30 18 8
139 190 10
147 14 17
6 75 11
45 3 6
168 73 9
27 134 9
25 61 9
85 75 5
145 126 13
57 13 19
29 180 1
189 132 13
6 196 12
166 185 7
133 8 7
168 194 7
25 182 7
33 6 19
52 19 12
38 121 4
84 8 15
142 178 15
191 70 8
22 32 9
75 124 7
154 188 11
195 189 7
140 24 3
126 89 17
112 191 7
79 14 2
98 27 20
84 129 11
10 143 18
128 135 11
193 35 3
105 188 8
163 129 6
108 193 4
135 30 10
121 132 16
181 146 14
156 89 14
142 191 11
109 14 20
128 27 16
72 95 19
58 197 2
89 35 1
130 73 17
93 154 2
10 156 11
155 22 16
100 86 15
67 138 19
86 151 12
58 89 11
61 94 20
176 81 18
192 25 20
137 89 20
109 27 17
21 143 16
150 28 9
40 156 9
155 143 15
153 33 17
158 148 8
72 108 9
28 38 7
47 51 16
33 153 10
88 89 12
14 103 12
146 30 5
46 92 19
151 108 14
51 170 15
67 151 5
86 164 11
125 92 6
185 106 5
89 169 14
165 164 3
13 36 2
32 49 13
44 103 1
123 167 3
39 173 19
171 100 2
157 165 9
27 55 5
187 44 15
104 46 16
16 162 20
90 111 17
103 50 9
180 41 19
39 65 10
139 3 17
166 106 4
97 6 9
69 173 17
160 62 12
13 49 1
99 52 17
57 55 10
34 108 1
194 60 2
133 50 8
23 178 18
96 168 15
160 183 5
8 55 10
187 57 10
90 124 10
1 15 5
161 4 7
6 130 7
4 57 17
36 9 7
55 22 13
182 63 7
187 178 14
99 65 13
140 66 20
145 181 15
112 4 17
57 68 7
2 132 1
20 186 18
23 191 20
31 15 16
91 66 14
55 143 13
149 7 12
66 9 13
24 12 19
43 25 4
115 130 15
161 17 9
18 197 2
64 84 18
22 87 9
149 128 2
167 182 4
79 69 7
84 184 14
115 22 2
156 23 18
87 189 15
54 12 18
45 192 6
174 77 16
31 28 9
191 17 12
17 130 18
88 10 6
33 74 13
38 189 16
112 138 13
10 90 10
68 31 13
54 133 16
109 69 17
128 82 15
174 198 17
42 15 11
181 93 11
24 146 1
165 85 16
156 36 19
142 138 20
155 77 6
174 90 9
141 142 13
53 29 12
77 157 14
0 139 6
148 37 8
19 152 20
63 195 8
137 144 8
197 158 20
141 34 6
53 150 12
190 155 15
28 93 19
47 106 16
107 157 20
49 152 13
178 37 15
183 152 16
21 90 18
7 155 8
40 103 16
26 168 10
136 40 11
125 147 14
39 107 12
171 34 7
160 104 16
19 165 16
113 29 19
13 91 5
151 55 9
137 157 18
51 117 3
90 45 18
150 96 8
92 91 10
37 155 10
69 107 12
14 171 18
102 55 11
41 45 3
187 99 10
5 122 11
151 176 8
159 37 13
104 101 6
145 102 18
2 53 2
34 42 8
196 40 4
41 166 19
99 107 10
44 171 4
30 7 15
90 58 5
76 123 3
122 10 14
194 115 15
37 168 7
41 58 3
8 110 17
27 123 6
187 112 15
85 64 11
30 128 13
145 115 12
90 179 8
164 128 5
2 66 17
122 131 2
166 174 11
105 164 13
182 118 11
99 120 8
112 59 8
186 8 1
131 72 7
115 64 12
189 13 15
175 115 6
161 180 1
59 169 10
18 131 7
78 182 15
64 18 12
50 120 9
110 134 2
127 74 17
30 141 14
131 193 20
79 3 11
115 185 16
87 123 16
161 72 9
1 83 12
147 137 8
188 175 12
59 61 6
18 23 14
100 62 11
133 10 12
105 177 12
77 78 4
168 196 7
80 83 15
66 185 2
170 13 2
156 78 19
18 144 1
188 67 8
174 132 6
59 182 1
177 137 3
154 190 20
33 129 12
52 142 6
167 129 5
186 142 7
24 80 20
82 21 18
68 86 2
54 188 6
87 136 3
147 150 19
176 70 4
140 147 10
79 137 15
184 190 11
109 16 17
12 83 17
31 96 19
158 137 8
58 T 5
135 153 6
33 142 1
52 155 4
7 89 6
144 94 19
162 148 19
181 161 3
0 86 2
60 100 9
5 164 4
146 140 14
79 150 16
137 91 7
178 92 6
21 145 7
72 110 8
70 37 16
111 38 12
9 27 16
74 156 4
32 159 20
169 164 17
26 115 6
180 30 3
70 158 18
185 108 16
9 148 14
160 51 10
60 113 15
159 92 9
178 105 13
164 170 11
76 57 11
139 113 7
92 38 5
74 169 13
13 159 5
32 172 14
118 175 2
164 62 11
35 177 19
103 52 15
39 67 6
111 172 10
23 59 19
69 175 12
27 178 11
99 54 10
44 118 9
159 105 17
30 183 7
136 121 17
103 173 8
194 62 17
139 126 12
180 164 14
106 178 7
18 65 8
23 180 20
138 167 12
152 65 16
50 54 4
110 68 14
173 124 7
43 14 10
115 119 3
15 181 7
106 70 20
105 111 13
69 188 8
140 68 10
145 183 16
198 9 6
98 71 10
184 111 12
15 73 8
87 178 16
18 78 10
78 129 9
45 181 15
31 17 5
91 68 2
77 133 12
22 197 9
110 81 5
99 188 11
167 63 5
186 76 12
119 22 12
17 11 3
3 76 1
163 65 8
149 130 19
94 194 10
168 143 2
176 4 8
195 17 19
11 196 4
167 184 12
24 135 7
84 186 2
137 12 8
101 89 10
1 151 13
40 79 19
17 132 9
75 73 16
190 23 5
135 87 19
88 12 17
167 76 7
79 192 6
10 92 15
49 20 15
68 33 6
190 144 7
61 30 20
107 146 14
167 197 18
19 33 7
146 74 18
46 136 10
165 87 16
68 154 9
183 141 17
95 28 18
40 92 9
72 44 15
58 146 1
56 36 6
190 36 7
32 93 18
63 197 4
35 98 6
150 85 20
141 36 1
9 82 12
148 160 17
62 93 18
139 47 18
39 109 12
185 163 13
14 52 5
151 57 15
178 160 6
35 111 14
48 50 3
34 152 8
125 41 8
83 44 15
28 108 5
14 173 7
113 152 16
187 101 20
25 39 6
44 52 9
118 1 8
62 106 2
120 47 8
39 122 2
37 49 4
78 50 17
127 171 19
27 4 17
25 160 9
44 173 9
117 163 13
136 176 3
194 117 4
106 4 1
6 66 20
37 170 16
78 171 10
152 120 20
64 7 19
69 122 19
110 123 16
22 10 11
27 125 11
85 66 13
57 4 1
184 45 20
15 7 7
1 72 15
6 187 16
18 12 2
64 128 11
91 2 7
36 66 17
55 79 1
22 131 1
96 117 6
154 58 3
173 71 17
76 138 17
117 176 13
189 15 19
120 181 14
147 18 12
78 184 7
45 7 7
36 187 11
8 125 13
186 131 17
131 195 6
103 133 18
59 63 3
100 64 17
119 77 13
64 141 17
17 66 9
77 80 5
61 72 14
52 23 5
24 190 8
98 139 2
156 80 14
101 144 13
18 146 18
174 134 9
193 147 8
67 8 7
31 85 13
195 193 11
33 131 7
52 144 11
179 185 9
189 149 15
68 88 17
142 74 10
40 26 13
100 77 20
191 195 12
3 144 13
77 93 3
149 198 4
176 72 4
98 152 10
82 144 4
142 195 15
183 196 10
109 18 19
155 134 1
100 198 8
67 21 8
12 85 3
153 24 5
172 37 5
130 77 13
56 91 1
75 141 2
10 160 14
63 23 6
104 24 20
123 37 10
21 26 4
172 158 7
70 147 16
102 99 6
19 101 9
32 40 9
51 53 11
197 107 9
21 147 6
150 32 7
39 164 9
111 40 16
74 158 6
32 161 16
192 150 16
51 174 11
151 112 17
7 104 4
122 54 13
70 160 1
111 161 15
83 99 9
146 155 13
13 40 11
104 158 3
16 45 10
136 110 7
20 164 3
180 153 1
37 104 14
111 53 12
196 97 2
113 99 1
187 48 5
132 112 7
90 115 1
43 3 9
20 56 16
92 161 15
166 110 1
185 123 14
9 163 16
64 62 5
108 105 16
41 115 10
159 107 16
164 185 1
57 59 20
131 8 3
20 177 14
6 13 6
23 182 20
193 68 16
124 5 8
94 62 1
85 13 10
30 77 12
186 65 15
24 3 3
43 16 20
161 8 2
106 72 3
18 188 13
188 111 14
152 188 14
124 126 4
91 178 20
127 131 5
168 132 6
27 193 17
57 72 19
184 113 5
84 175 17
15 75 6
3 186 15
75 62 11
149 11 15
154 126 18
52 78 5
24 16 4
183 9 16
77 27 15
75 183 8
163 67 13
176 6 6
66 134 15
52 T 20
181 84 10
79 73 2
1 153 13
100 132 6
174 81 12
31 32 16
72 33 9
3 T 16
116 76 16
176 127 7
121 191 4
80 153 10
51 95 10
109 73 20
54 137 5
95 138 18
26 38 7
141 25 13
58 27 7
89 94 17
130 132 10
149 145 12
42 19 17
47 97 8
0 22 5
167 T 3
114 43 19
26 159 3
144 151 12
171 25 12
88 27 12
0 143 7
179 145 14
63 T 17
150 87 17
95 151 3
125 30 9
70 94 3
9 84 17
41 36 7
46 151 3
151 167 15
178 41 20
81 108 11
34 33 14
139 49 2
125 151 6
37 38 18
56 51 8
157 103 10
74 105 2
41 157 2
194 106 6
6 55 15
143 60 17
159 41 10
71 157 3
62 108 9
120 49 9
59 39 20
83 167 17
36 55 18
127 173 16
154 47 17
13 108 7
44 175 15
118 124 5
29 52 8
115 55 12
120 170 1
139 183 5
106 6 19
127 65 20
113 167 13
154 168 7
140 4 11
145 119 12
186 120 4
103 122 11
189 125 6
87 114 20
161 63 5
59 52 16
193 15 12
36 68 18
196 57 11
96 119 4
163 109 2
25 175 6
66 176 14
154 60 9
52 12 3
57 127 1
184 168 17
87 6 17
54 58 7
59 173 10
119 187 16
86 10 3
163 1 14
108 65 17
94 130 2
121 4 19
140 17 3
52 133 1
126 82 6
112 184 16
98 20 11
84 122 18
189 138 3
1 87 15
191 184 14
116 10 16
121 125 2
195 74 8
181 139 8
24 192 5
101 146 9
193 149 15
17 189 16
177 141 14
47 31 10
33 133 13
68 90 18
21 15 13
188 192 17
67 131 10
141 80 15
86 144 1
58 82 3
89 149 3
42 74 19
116 23 9
61 87 7
176 74 5
0 77 20
109 20 11
169 34 3
155 136 3
114 98 4
174 149 5
158 141 7
72 101 18
177 154 10
9 18 11
88 82 2
146 23 19
32 150 4
192 139 2
65 98 17
104 26 13
49 90 19
35 155 16
150 142 4
109 141 12
21 28 14
7 93 11
9 139 19
28 152 20
146 144 15
13 29 19
192 31 5
118 45 3
63 146 20
197 109 10
21 149 4
95 98 17
53 101 14
139 104 17
157 158 9
113 88 5
192 152 13
151 114 13
90 104 5
7 106 18
48 107 4
81 55 2
92 150 10
185 112 20
4 37 13
138 37 3
124 102 18
28 165 20
96 40 11
164 174 11
92 42 7
152 56 2
50 45 15
99 166 16
118 179 11
11 53 12
71 104 6
16 168 8
131 118 15
122 69 20
92 163 15
6 123 2
23 63 19
50 166 5
69 179 7
36 2 10
22 67 17
187 171 6
99 58 1
140 59 13
2 125 2
184 102 10
103 177 14
175 53 6
23 184 18
138 171 6
168 13 17
154 115 9
106 74 10
18 190 3
105 115 1
64 77 1
91 180 9
22 80 5
182 69 10
149 121 3
80 21 15
186 188 8
98 75 7
184 115 13
155 57 2
45 185 5
119 134 11
77 137 20
149 13 1
88 3 10
52 80 18
79 183 1
10 83 15
82 188 1
156 137 14
115 136 19
94 198 19
42 8 10
168 147 13
80 34 8
47 86 18
179 13 10
165 78 7
98 88 6
198 26 9
170 193 11
24 139 2
63 67 6
137 16 6
156 29 20
109 183 14
101 93 1
155 70 7
86 T 19
12 21 11
72 35 14
58 137 15
144 140 14
171 14 11
75 77 9
121 193 14
162 194 14
107 29 5
19 145 16
198 147 12
197 151 18
68 37 15
54 139 17
12 142 8
141 27 8
70 83 16
116 T 4
83 22 11
88 137 1
148 151 13
192 194 10
151 156 16
137 29 14
49 145 14
123 94 18
40 96 7
72 48 5
144 153 9
56 40 18
116 91 10
190 40 7
14 43 9
74 94 16
60 159 15
132 35 9
151 48 13
192 86 5
35 102 3
67 91 20
153 94 2
53 156 16
111 97 9
171 148 13
190 161 7
9 86 5
146 91 15
164 108 11
26 174 11
180 89 19
37 40 15
78 41 13
157 105 8
102 169 17
118 113 19
90 51 5
35 115 8
134 94 10
153 107 9
139 172 10
6 57 5
111 110 3
14 177 8
108 41 7
41 51 14
27 116 19
11 108 10
30 121 9
2 59 6
117 46 17
29 162 13
103 111 12
62 110 3
120 51 19
4 105 6
152 3 14
105 157 13
17 44 8
36 57 12
71 51 7
29 54 9
103 3 18
189 6 16
73 60 11
18 124 11
92 110 14
97 188 11
94 119 12
66 57 3
85 70 11
131 186 14
43 73 7
101 14 19
133 3 3
4 118 2
100 55 19
193 17 20
124 183 4
36 70 18
33 1 8
112 65 20
189 19 8
101 135 5
54 60 11
59 175 9
78 188 17
177 130 18
77 192 19
3 14 14
163 3 13
22 27 19
149 68 16
75 119 14
107 71 3
167 122 8
24 73 12
65 74 11
142 65 2
87 129 14
119 81 16
58 71 1
89 138 12
149 189 11
116 12 10
80 89 12
52 27 16
19 79 6
184 183 1
98 143 17
10 30 2
142 186 20
128 22 19
67 12 19
17 191 6
58 192 1
190 82 6
176 184 3
28 20 7
88 71 16
162 20 4
52 148 3
181 33 11
46 74 2
5 36 7
40 30 18
155 17 20
67 133 19
172 149 15
144 87 20
116 25 4
61 89 4
102 90 6
28 141 9
0 79 9
79 143 12
123 149 11
95 87 17
169 36 18
134 15 5
158 143 5
37 82 4
171 82 14
190 95 9
176 197 19
129 85 19
93 162 14
187 26 13
49 92 3
109 143 15
164 42 3
21 30 17
62 31 12
141 95 20
180 23 19
39 47 9
111 152 17
9 141 12
157 39 19
0 92 20
41 93 12
164 163 18
76 50 10
150 36 3
39 168 19
92 31 17
111 44 1
56 108 15
23 160 6
9 33 10
69 47 14
14 111 1
71 93 4
62 44 15
39 60 14
166 101 13
185 114 15
124 104 12
69 168 3
27 171 15
187 160 19
2 114 3
76 63 17
92 44 13
36 112 6
110 61 4
27 63 20
13 165 18
99 168 15
113 103 19
145 55 1
103 58 10
15 174 10
92 165 17
152 179 8
119 2 19
105 104 4
124 117 15
110 182 4
168 123 8
187 173 1
85 125 11
145 176 19
198 2 18
184 104 13
87 171 6
73 7 11
18 71 3
152 71 4
64 187 13
31 10 17
17 112 13
110 74 7
96 176 3
126 18 9
38 171 10
57 184 11
167 56 2
115 125 8
188 115 14
147 77 6
64 79 11
17 4 2
22 82 6
80 23 18
11 189 11
126 139 10
167 177 7
24 128 11
184 117 20
170 182 20
101 82 2
73 20 6
45 187 2
12 10 12
163 179 20
94 79 17
93 83 10
46 8 16
10 85 14
82 190 17
68 26 10
109 64 10
183 13 9
155 180 11
188 128 6
174 193 20
86 80 18
158 185 3
177 198 20
70 72 18
144 21 12
75 187 10
190 137 9
61 23 18
0 13 15
19 26 16
130 15 1
116 80 9
121 195 18
0 134 13
74 83 2
79 198 9
35 91 13
114 155 5
86 93 7
72 158 18
56 150 3
190 150 10
47 101 7
129 140 14
65 155 13
151 158 9
178 32 19
150 T 20
26 163 16
171 29 4
42 144 4
148 45 18
60 161 6
51 112 2
53 158 17
139 161 8
180 T 5
92 86 11
113 145 8
27 105 8
132 158 10
44 45 3
178 45 18
90 161 11
164 110 6
136 48 8
34 37 16
120 40 15
143 172 4
60 174 17
113 37 10
13 99 4
44 166 7
159 153 5
71 40 12
16 104 2
117 156 12
136 169 14
29 43 14
120 161 8
139 174 16
69 115 18
127 56 1
27 118 18
173 172 16
106 118 19
59 43 17
23 120 5
96 110 1
99 115 1
173 64 17
186 3 16
184 159 6
57 118 4
2 182 13
43 183 15
15 121 20
18 126 6
97 190 14
196 169 13
22 16 20
8 118 3
94 121 18
168 70 19
173 185 9
1 78 12
106 131 16
73 183 20
100 57 2
119 70 12
177 11 18
135 14 15
121 116 16
140 129 20
38 118 4
179 57 20
184 172 5
170 8 16
128 11 14
73 75 17
100 178 3
174 127 9
119 191 10
45 13 18
31 78 4
17 180 6
77 194 18
168 83 17
88 60 7
186 137 13
65 76 13
10 140 12
115 193 20
63 3 14
109 119 2
89 140 20
149 191 9
116 14 16
176 65 14
80 91 7
47 143 11
33 16 16
93 30 8
79 132 1
24 196 18
10 32 16
101 150 8
100 191 14
158 132 7
171 71 4
151 92 18
137 194 3
192 130 9
49 81 13
123 30 18
109 132 19
183 81 12
67 135 2
86 148 14
172 151 2
180 12 12
125 76 4
89 153 6
83 79 13
93 43 18
165 148 1
192 22 19
104 138 4
137 86 20
16 25 2
21 140 16
136 90 1
155 140 8
169 38 13
134 17 14
39 157 1
190 97 6
9 22 8
74 151 8
93 164 1
5 51 19
192 143 6
51 167 20
104 30 17
62 33 4
180 25 18
39 49 1
69 157 19
96 31 19
60 108 7
187 149 20
20 157 13
180 146 8
97 111 14
138 149 1
27 52 12
187 41 8
132 105 6
145 44 18
35 172 20
76 173 12
134 151 18
20 49 18
92 154 13
4 41 7
138 41 17
9 156 20
69 170 1
108 98 11
55 6 20
145 165 4
164 178 16
57 52 8
117 103 13
175 44 13
194 57 3
106 173 8
23 175 20
96 165 6
182 168 4
168 4 11
112 109 11
76 186 15
84 47 10
43 9 3
15 176 10
175 165 1
87 52 7
161 1 10
18 181 18
133 168 15
105 106 8
50 170 8
36 6 3
163 47 10
3 58 1
22 71 10
121 50 4
66 114 8
11 178 14
140 63 11
30 191 13
115 6 17
1 133 5
4 175 3
182 181 14
94 68 12
80 133 7
195 120 8
140 184 10
33 58 8
112 122 5
10 74 11
54 117 9
86 69 11
110 197 8
130 112 3
168 138 14
1 146 19
87 186 11
54 9 18
155 61 2
45 189 10
72 26 11
75 68 13
61 133 19
80 146 15
195 133 17
148 21 14
65 23 1
151 26 18
137 128 11
68 28 18
183 15 6
128 79 18
169 80 10
174 195 17
89 87 12
181 90 14
167 192 11
46 131 5
65 144 12
137 20 20
68 149 18
21 74 14
81 88 2
155 74 18
26 152 13
158 79 17
162 198 20
14 34 5
88 20 11
148 34 10
146 190 15
46 23 2
151 39 7
90 29 12
155 195 1
141 31 16
72 160 5
125 23 16
70 87 15
171 139 17
28 90 4
88 141 19
162 90 19
146 82 8
178 34 8
197 47 12
34 26 16
120 29 4
53 39 16
139 42 14
125 144 15
39 104 9
171 31 3
83 147 10
97 45 20
157 96 5
9 198 3
74 98 3
160 101 1
60 163 11
